Channel 1
2.468e+06
2.452e+06
2.464e+06
2.456e+06
2.456e+06
2.468e+06
2.476e+06
2.456e+06
2.464e+06
2.468e+06
2.456e+06
2.464e+06
2.472e+06
2.46e+06
2.46e+06
2.472e+06
2.46e+06
2.46e+06
2.468e+06
2.456e+06
2.476e+06
2.472e+06
2.456e+06
2.46e+06
2.472e+06
2.452e+06
2.464e+06
2.468e+06
2.456e+06
2.46e+06
2.472e+06
2.452e+06
2.472e+06
2.468e+06
2.456e+06
2.464e+06
2.468e+06
2.46e+06
2.46e+06
2.472e+06
2.456e+06
2.464e+06
2.476e+06
2.448e+06
2.472e+06
2.468e+06
2.444e+06
2.484e+06
2.472e+06
2.452e+06
2.464e+06
2.468e+06
2.448e+06
2.468e+06
2.468e+06
2.444e+06
2.472e+06
2.468e+06
2.444e+06
2.472e+06
2.796e+06
3.032e+06
2.7e+06
2.904e+06
2.932e+06
2.712e+06
2.876e+06
2.944e+06
2.668e+06
2.724e+06
2.804e+06
2.632e+06
2.736e+06
2.812e+06
2.648e+06
2.716e+06
2.768e+06
2.612e+06
2.696e+06
2.792e+06
2.62e+06
2.704e+06
2.796e+06
2.644e+06
2.72e+06
2.804e+06
2.604e+06
2.668e+06
2.784e+06
2.668e+06
2.688e+06
2.824e+06
2.648e+06
2.684e+06
2.764e+06
2.628e+06
2.656e+06
2.804e+06
2.64e+06
2.684e+06
2.788e+06
2.684e+06
2.66e+06
2.76e+06
2.64e+06
2.636e+06
2.772e+06
2.688e+06
2.664e+06
2.816e+06
2.724e+06
2.628e+06
2.756e+06
2.664e+06
2.62e+06
2.8e+06
2.7e+06
2.656e+06
2.796e+06
2.696e+06
2.628e+06
2.784e+06
2.672e+06
2.628e+06
2.796e+06
2.704e+06
2.64e+06
2.796e+06
2.708e+06
2.624e+06
2.776e+06
2.672e+06
2.604e+06
2.772e+06
2.728e+06
2.656e+06
2.796e+06
2.724e+06
2.616e+06
2.716e+06
2.716e+06
2.608e+06
2.772e+06
2.72e+06
2.64e+06
2.76e+06
2.76e+06
2.616e+06
2.724e+06
2.704e+06
2.612e+06
2.736e+06
2.788e+06
2.616e+06
2.776e+06
2.748e+06
2.612e+06
2.704e+06
2.748e+06
2.616e+06
2.732e+06
2.792e+06
2.64e+06
2.728e+06
2.76e+06
2.608e+06
2.716e+06
2.76e+06
2.628e+06
2.724e+06
2.776e+06
2.648e+06
2.732e+06
2.78e+06
2.6e+06
2.768e+06
2.628e+06
2.696e+06
2.804e+06
2.644e+06
2.704e+06
2.772e+06
2.62e+06
2.64e+06
2.804e+06
2.636e+06
2.68e+06
2.796e+06
2.656e+06
2.676e+06
2.812e+06
2.608e+06
2.636e+06
2.804e+06
2.636e+06
2.68e+06
2.84e+06
2.656e+06
2.672e+06
2.812e+06
2.604e+06
2.636e+06
2.78e+06
2.64e+06
2.688e+06
2.824e+06
2.648e+06
2.656e+06
2.776e+06
2.628e+06
2.628e+06
2.788e+06
2.636e+06
2.664e+06
2.804e+06
2.688e+06
2.664e+06
2.804e+06
2.648e+06
2.62e+06
2.796e+06
2.676e+06
2.64e+06
2.84e+06
2.7e+06
2.628e+06
2.78e+06
2.648e+06
2.604e+06
2.824e+06
2.68e+06
2.632e+06
2.828e+06
2.684e+06
2.616e+06
2.812e+06
2.656e+06
2.62e+06
2.836e+06
2.676e+06
2.632e+06
2.824e+06
2.688e+06
2.62e+06
2.816e+06
2.66e+06
2.62e+06
2.796e+06
2.704e+06
2.632e+06
2.828e+06
2.684e+06
2.604e+06
2.756e+06
2.668e+06
2.604e+06
2.8e+06
2.664e+06
2.612e+06
2.784e+06
2.688e+06
2.592e+06
2.772e+06
2.648e+06
2.592e+06
2.768e+06
2.724e+06
2.596e+06
2.78e+06
2.68e+06
2.596e+06
2.74e+06
2.696e+06
2.624e+06
2.796e+06
2.712e+06
2.592e+06
2.768e+06
2.676e+06
2.572e+06
2.788e+06
2.7e+06
2.608e+06
2.776e+06
2.688e+06
2.588e+06
2.784e+06
2.696e+06
2.596e+06
2.784e+06
2.704e+06
2.596e+06
2.76e+06
2.704e+06
2.588e+06
2.788e+06
2.688e+06
2.58e+06
2.744e+06
2.72e+06
2.6e+06
2.796e+06
2.704e+06
2.608e+06
2.748e+06
2.736e+06
2.58e+06
2.76e+06
2.716e+06
2.596e+06
2.752e+06
2.744e+06
2.584e+06
2.772e+06
2.74e+06
2.604e+06
2.764e+06
2.748e+06
2.592e+06
2.756e+06
2.744e+06
2.576e+06
2.744e+06
2.728e+06
2.616e+06
2.768e+06
2.752e+06
2.596e+06
2.74e+06
2.736e+06
2.596e+06
2.768e+06
2.748e+06
2.58e+06
2.74e+06
2.736e+06
2.596e+06
2.744e+06
2.748e+06
2.596e+06
2.728e+06
2.736e+06
2.6e+06
2.72e+06
2.748e+06
2.624e+06
2.7e+06
2.736e+06
2.608e+06
2.696e+06
2.768e+06
2.604e+06
2.712e+06
2.744e+06
2.612e+06
2.696e+06
2.796e+06
2.62e+06
2.712e+06
2.792e+06
2.632e+06
2.848e+06
3.04e+06
2.76e+06
2.796e+06
2.968e+06
2.752e+06
2.78e+06
2.964e+06
2.676e+06
2.732e+06
2.968e+06
2.712e+06
2.716e+06
2.84e+06
2.688e+06
2.712e+06
2.904e+06
2.672e+06
2.708e+06
2.828e+06
2.692e+06
2.684e+06
2.452e+06
2.464e+06
2.464e+06
2.456e+06
2.468e+06
2.452e+06
2.46e+06
2.472e+06
2.472e+06
2.452e+06
2.464e+06
2.468e+06
2.452e+06
2.46e+06
2.472e+06
2.452e+06
2.464e+06
2.468e+06
2.456e+06
2.468e+06
2.472e+06
2.456e+06
2.46e+06
2.476e+06
2.448e+06
2.46e+06
2.452e+06
2.452e+06
2.464e+06
2.476e+06
2.456e+06
2.464e+06
2.468e+06
2.46e+06
2.464e+06
2.472e+06
2.46e+06
2.464e+06
2.476e+06
2.46e+06
2.468e+06
2.472e+06
2.456e+06
2.464e+06
2.472e+06
2.46e+06
2.468e+06
2.468e+06
2.448e+06
2.468e+06
2.472e+06
2.456e+06
2.464e+06
2.476e+06
2.456e+06
2.464e+06
2.472e+06
2.46e+06
2.464e+06
2.472e+06
2.456e+06
2.468e+06
2.472e+06
2.456e+06
2.46e+06
2.468e+06
2.456e+06
2.464e+06
2.472e+06
2.448e+06
2.484e+06
2.48e+06
2.468e+06
2.472e+06
2.484e+06
2.468e+06
2.476e+06
2.484e+06
2.472e+06
2.476e+06
2.48e+06
2.464e+06
2.472e+06
2.484e+06
2.468e+06
2.46e+06
2.476e+06
2.452e+06
2.46e+06
2.468e+06
2.44e+06
2.476e+06
2.472e+06
2.456e+06
2.464e+06
2.472e+06
2.46e+06
2.468e+06
2.476e+06
2.46e+06
2.46e+06
2.472e+06
2.456e+06
2.464e+06
2.472e+06
2.46e+06
2.46e+06
2.472e+06
2.456e+06
2.468e+06
2.472e+06
2.452e+06
2.48e+06
2.464e+06
2.456e+06
2.456e+06
2.476e+06
2.452e+06
2.464e+06
2.476e+06
2.452e+06
2.468e+06
2.468e+06
2.448e+06
2.46e+06
2.48e+06
2.448e+06
2.464e+06
2.468e+06
2.46e+06
2.464e+06
2.472e+06
2.456e+06
2.48e+06
2.472e+06
2.46e+06
2.46e+06
2.476e+06
2.468e+06
2.468e+06
2.48e+06
2.46e+06
2.464e+06
2.476e+06
2.46e+06
2.464e+06
2.48e+06
2.46e+06
2.46e+06
2.472e+06
2.468e+06
2.472e+06
2.476e+06
2.456e+06
2.46e+06
2.464e+06
2.46e+06
2.46e+06
2.472e+06
2.456e+06
2.46e+06
2.476e+06
2.456e+06
2.468e+06
2.472e+06
2.452e+06
2.508e+06
2.504e+06
2.456e+06
2.52e+06
2.472e+06
2.472e+06
2.472e+06
2.472e+06
2.46e+06
2.464e+06
2.472e+06
2.444e+06
2.464e+06
2.472e+06
2.452e+06
2.46e+06
2.472e+06
2.452e+06
2.464e+06
2.472e+06
2.452e+06
2.46e+06
2.468e+06
2.456e+06
2.464e+06
2.488e+06
2.464e+06
2.46e+06
2.476e+06
2.456e+06
2.46e+06
2.476e+06
2.444e+06
2.464e+06
2.472e+06
2.468e+06
2.48e+06
2.48e+06
2.464e+06
2.464e+06
2.48e+06
2.468e+06
2.464e+06
2.476e+06
2.456e+06
2.46e+06
2.476e+06
2.468e+06
2.48e+06
2.472e+06
2.464e+06
2.472e+06
2.472e+06
2.444e+06
2.476e+06
2.468e+06
2.456e+06
2.456e+06
2.476e+06
2.46e+06
2.476e+06
2.48e+06
2.464e+06
2.468e+06
2.472e+06
2.456e+06
2.46e+06
2.468e+06
2.456e+06
2.46e+06
2.472e+06
2.46e+06
2.464e+06
2.472e+06
2.456e+06
2.484e+06
2.476e+06
2.464e+06
2.464e+06
2.48e+06
2.46e+06
2.464e+06
2.48e+06
2.468e+06
2.464e+06
2.48e+06
2.464e+06
2.464e+06
2.484e+06
2.456e+06
2.464e+06
2.48e+06
2.464e+06
2.46e+06
2.472e+06
2.456e+06
2.484e+06
2.472e+06
2.464e+06
2.464e+06
2.484e+06
2.46e+06
2.468e+06
2.48e+06
2.46e+06
2.464e+06
2.476e+06
2.468e+06
2.472e+06
2.48e+06
2.46e+06
2.468e+06
2.484e+06
2.468e+06
2.468e+06
2.48e+06
2.46e+06
2.488e+06
2.476e+06
2.46e+06
2.472e+06
2.476e+06
2.464e+06
2.46e+06
2.48e+06
2.464e+06
2.46e+06
2.476e+06
2.468e+06
2.464e+06
2.472e+06
2.46e+06
2.46e+06
2.472e+06
2.46e+06
2.456e+06
2.476e+06
2.46e+06
2.456e+06
2.472e+06
2.476e+06
2.46e+06
2.468e+06
2.464e+06
2.464e+06
2.476e+06
2.456e+06
2.464e+06
2.48e+06
2.468e+06
2.46e+06
2.476e+06
2.468e+06
2.464e+06
2.476e+06
2.46e+06
2.46e+06
2.476e+06
2.464e+06
2.46e+06
2.476e+06
2.452e+06
2.464e+06
2.476e+06
2.464e+06
2.468e+06
2.476e+06
2.46e+06
2.464e+06
2.484e+06
2.46e+06
2.46e+06
2.472e+06
2.472e+06
2.46e+06
2.472e+06
2.46e+06
2.464e+06
2.484e+06
2.472e+06
2.46e+06
2.476e+06
2.456e+06
2.48e+06
2.472e+06
2.46e+06
2.464e+06
2.48e+06
2.464e+06
2.46e+06
2.48e+06
2.464e+06
2.468e+06
2.48e+06
2.472e+06
2.464e+06
2.476e+06
2.464e+06
2.464e+06
2.472e+06
2.464e+06
2.464e+06
2.476e+06
2.448e+06
2.476e+06
2.472e+06
2.464e+06
2.452e+06
2.472e+06
2.46e+06
2.464e+06
2.48e+06
2.464e+06
2.468e+06
2.48e+06
2.464e+06
2.464e+06
2.476e+06
2.46e+06
2.464e+06
2.476e+06
2.464e+06
2.46e+06
2.472e+06
2.448e+06
2.48e+06
2.476e+06
2.46e+06
2.46e+06
2.48e+06
2.468e+06
2.468e+06
2.476e+06
2.464e+06
2.464e+06
2.476e+06
2.464e+06
2.456e+06
2.48e+06
2.468e+06
2.468e+06
2.484e+06
2.464e+06
2.464e+06
2.48e+06
2.464e+06
2.488e+06
2.48e+06
2.468e+06
2.468e+06
2.48e+06
2.468e+06
2.468e+06
2.48e+06
2.464e+06
2.464e+06
2.476e+06
2.46e+06
2.456e+06
2.472e+06
2.468e+06
2.468e+06
2.468e+06
2.46e+06
2.46e+06
2.476e+06
2.464e+06
2.476e+06
2.472e+06
2.472e+06
2.468e+06
2.476e+06
2.46e+06
2.464e+06
2.48e+06
2.464e+06
2.464e+06
2.476e+06
2.472e+06
2.468e+06
2.476e+06
2.464e+06
2.464e+06
2.492e+06
2.48e+06
2.468e+06
2.488e+06
2.472e+06
2.476e+06
2.484e+06
2.476e+06
2.472e+06
2.472e+06
2.456e+06
2.46e+06
2.476e+06
2.46e+06
2.464e+06
2.48e+06
2.476e+06
2.476e+06
2.488e+06
2.464e+06
2.468e+06
2.48e+06
2.464e+06
2.46e+06
2.476e+06
2.464e+06
2.46e+06
2.476e+06
2.452e+06
2.464e+06
2.48e+06
2.468e+06
2.476e+06
2.476e+06
2.472e+06
2.46e+06
2.48e+06
2.468e+06
2.468e+06
2.492e+06
2.456e+06
2.468e+06
2.476e+06
2.46e+06
2.464e+06
2.48e+06
2.468e+06
2.46e+06
2.476e+06
2.452e+06
2.464e+06
2.476e+06
2.464e+06
2.472e+06
2.48e+06
2.464e+06
2.464e+06
2.476e+06
2.46e+06
2.456e+06
2.476e+06
2.46e+06
2.46e+06
2.476e+06
2.46e+06
2.46e+06
2.476e+06
2.46e+06
2.464e+06
2.484e+06
2.456e+06
2.484e+06
2.476e+06
2.464e+06
2.464e+06
2.48e+06
2.468e+06
2.464e+06
2.484e+06
2.46e+06
2.464e+06
2.48e+06
2.464e+06
2.468e+06
2.48e+06
2.456e+06
2.464e+06
2.48e+06
2.464e+06
2.464e+06
2.472e+06
2.464e+06
2.484e+06
2.48e+06
2.46e+06
2.464e+06
2.476e+06
2.464e+06
2.464e+06
2.472e+06
2.46e+06
2.468e+06
2.48e+06
2.464e+06
2.468e+06
2.484e+06
2.464e+06
2.472e+06
2.48e+06
2.468e+06
2.468e+06
2.484e+06
2.468e+06
2.488e+06
2.464e+06
2.464e+06
2.472e+06
2.48e+06
2.464e+06
2.464e+06
2.476e+06
2.464e+06
2.472e+06
2.476e+06
2.46e+06
2.468e+06
2.484e+06
2.464e+06
2.472e+06
2.48e+06
2.464e+06
2.468e+06
2.488e+06
2.464e+06
2.488e+06
2.472e+06
2.464e+06
2.472e+06
2.484e+06
2.472e+06
2.472e+06
2.48e+06
2.464e+06
2.472e+06
2.48e+06
2.46e+06
2.476e+06
2.476e+06
2.464e+06
2.472e+06
2.48e+06
2.464e+06
2.468e+06
2.48e+06
2.464e+06
2.472e+06
2.468e+06
2.46e+06
2.476e+06
2.484e+06
2.46e+06
2.476e+06
2.48e+06
2.468e+06
2.472e+06
2.48e+06
2.468e+06
2.472e+06
2.48e+06
2.46e+06
2.472e+06
2.46e+06
2.476e+06
2.476e+06
2.464e+06
2.472e+06
2.464e+06
2.464e+06
2.472e+06
2.484e+06
2.476e+06
2.476e+06
2.48e+06
2.468e+06
2.472e+06
2.48e+06
2.46e+06
2.468e+06
2.48e+06
2.464e+06
2.48e+06
2.48e+06
2.464e+06
2.476e+06
2.472e+06
2.464e+06
2.472e+06
2.476e+06
2.476e+06
2.48e+06
2.484e+06
2.464e+06
2.48e+06
2.476e+06
2.46e+06
2.472e+06
2.472e+06
2.456e+06
2.476e+06
2.476e+06
2.464e+06
2.476e+06
2.42e+06
2.468e+06
2.528e+06
2.476e+06
2.46e+06
2.472e+06
2.48e+06
2.472e+06
2.492e+06
2.476e+06
2.464e+06
2.476e+06
2.476e+06
2.46e+06
2.472e+06
2.472e+06
2.464e+06
2.48e+06
2.472e+06
2.46e+06
2.476e+06
2.472e+06
2.452e+06
2.476e+06
2.472e+06
2.468e+06
2.472e+06
2.472e+06
2.46e+06
2.476e+06
2.476e+06
2.456e+06
2.472e+06
2.468e+06
2.456e+06
2.468e+06
2.468e+06
2.456e+06
2.472e+06
2.472e+06
2.456e+06
2.472e+06
2.464e+06
2.456e+06
2.472e+06
2.464e+06
2.456e+06
2.468e+06
2.472e+06
2.468e+06
2.472e+06
2.448e+06
2.46e+06
2.468e+06
2.468e+06
2.456e+06
2.468e+06
2.46e+06
2.464e+06
2.468e+06
2.464e+06
2.464e+06
2.472e+06
2.464e+06
2.456e+06
2.468e+06
2.46e+06
2.452e+06
2.468e+06
2.46e+06
2.452e+06
2.476e+06
2.444e+06
2.46e+06
2.472e+06
2.456e+06
2.452e+06
2.468e+06
2.464e+06
2.46e+06
2.46e+06
2.46e+06
2.452e+06
2.468e+06
2.464e+06
2.452e+06
2.468e+06
2.46e+06
2.46e+06
2.468e+06
2.464e+06
2.452e+06
2.468e+06
2.444e+06
2.472e+06
2.472e+06
2.456e+06
2.452e+06
2.468e+06
2.456e+06
2.444e+06
2.468e+06
2.456e+06
2.452e+06
2.476e+06
2.46e+06
2.452e+06
2.476e+06
2.452e+06
2.464e+06
2.472e+06
2.464e+06
2.464e+06
2.48e+06
2.456e+06
2.48e+06
2.48e+06
2.464e+06
2.46e+06
2.48e+06
2.468e+06
2.468e+06
2.48e+06
2.468e+06
2.468e+06
2.472e+06
2.464e+06
2.46e+06
2.48e+06
2.468e+06
2.464e+06
2.48e+06
2.46e+06
2.46e+06
2.484e+06
2.464e+06
2.476e+06
2.472e+06
2.468e+06
2.468e+06
2.476e+06
2.464e+06
2.464e+06
2.476e+06
2.46e+06
2.464e+06
2.472e+06
2.464e+06
2.468e+06
2.476e+06
2.46e+06
2.46e+06
2.476e+06
2.456e+06
2.46e+06
2.468e+06
2.46e+06
2.48e+06
2.472e+06
2.46e+06
2.46e+06
2.46e+06
2.448e+06
2.448e+06
2.464e+06
2.456e+06
2.448e+06
2.46e+06
2.448e+06
2.456e+06
2.464e+06
2.452e+06
2.448e+06
2.476e+06
2.448e+06
2.448e+06
2.464e+06
2.448e+06
2.46e+06
2.448e+06
2.452e+06
2.464e+06
2.436e+06
2.452e+06
2.46e+06
2.448e+06
2.452e+06
2.464e+06
2.452e+06
2.456e+06
2.464e+06
2.448e+06
2.448e+06
2.46e+06
2.452e+06
2.456e+06
2.46e+06
2.448e+06
2.452e+06
2.456e+06
2.432e+06
2.452e+06
2.46e+06
2.448e+06
2.448e+06
2.46e+06
2.452e+06
2.452e+06
2.464e+06
2.452e+06
2.444e+06
2.46e+06
2.444e+06
2.456e+06
2.464e+06
2.448e+06
2.452e+06
2.464e+06
2.452e+06
2.452e+06
2.456e+06
2.436e+06
2.456e+06
2.464e+06
2.444e+06
2.444e+06
2.456e+06
2.448e+06
2.452e+06
2.46e+06
2.444e+06
2.448e+06
2.456e+06
2.448e+06
2.448e+06
2.456e+06
2.448e+06
2.448e+06
2.46e+06
2.448e+06
2.448e+06
2.476e+06
2.432e+06
2.468e+06
2.464e+06
2.444e+06
2.452e+06
2.464e+06
2.444e+06
2.452e+06
2.464e+06
2.444e+06
2.448e+06
2.464e+06
2.448e+06
2.448e+06
2.46e+06
2.444e+06
2.444e+06
2.456e+06
2.448e+06
2.452e+06
2.464e+06
2.436e+06
2.468e+06
2.456e+06
2.452e+06
2.452e+06
2.468e+06
2.452e+06
2.452e+06
2.46e+06
2.448e+06
2.452e+06
2.46e+06
2.444e+06
2.456e+06
2.464e+06
2.448e+06
2.452e+06
2.464e+06
2.452e+06
2.456e+06
2.464e+06
2.452e+06
2.676e+06
2.892e+06
2.732e+06
2.676e+06
2.916e+06
2.696e+06
2.628e+06
2.856e+06
2.664e+06
2.596e+06
2.848e+06
2.708e+06
2.644e+06
2.804e+06
2.704e+06
2.62e+06
2.78e+06
2.62e+06
2.564e+06
2.78e+06
2.68e+06
2.652e+06
2.784e+06
2.696e+06
2.592e+06
2.764e+06
2.62e+06
2.576e+06
2.756e+06
2.692e+06
2.612e+06
2.8e+06
2.688e+06
2.592e+06
2.748e+06
2.632e+06
2.576e+06
2.784e+06
2.68e+06
2.628e+06
2.792e+06
2.704e+06
2.58e+06
2.776e+06
2.648e+06
2.572e+06
2.768e+06
2.684e+06
2.616e+06
2.832e+06
2.7e+06
2.592e+06
2.764e+06
2.628e+06
2.572e+06
2.8e+06
2.688e+06
2.616e+06
2.828e+06
2.668e+06
2.588e+06
2.76e+06
2.632e+06
2.588e+06
2.796e+06
2.68e+06
2.628e+06
2.796e+06
2.696e+06
2.58e+06
2.756e+06
2.624e+06
2.584e+06
2.768e+06
2.716e+06
2.62e+06
2.792e+06
2.676e+06
2.572e+06
2.732e+06
2.68e+06
2.576e+06
2.78e+06
2.708e+06
2.612e+06
2.78e+06
2.684e+06
2.564e+06
2.744e+06
2.684e+06
2.588e+06
2.772e+06
2.708e+06
2.628e+06
2.792e+06
2.696e+06
2.56e+06
2.748e+06
2.66e+06
2.58e+06
2.776e+06
2.72e+06
2.612e+06
2.8e+06
2.664e+06
2.556e+06
2.712e+06
2.668e+06
2.62e+06
2.788e+06
2.708e+06
2.612e+06
2.764e+06
2.712e+06
2.556e+06
2.728e+06
2.664e+06
2.592e+06
2.768e+06
2.72e+06
2.612e+06
2.784e+06
2.692e+06
2.552e+06
2.732e+06
2.676e+06
2.592e+06
2.812e+06
2.712e+06
2.648e+06
2.772e+06
2.672e+06
2.556e+06
2.756e+06
2.68e+06
2.6e+06
2.808e+06
2.708e+06
2.616e+06
2.76e+06
2.672e+06
2.556e+06
2.764e+06
2.656e+06
2.6e+06
2.776e+06
2.724e+06
2.608e+06
2.768e+06
2.656e+06
2.588e+06
2.74e+06
2.688e+06
2.596e+06
2.812e+06
2.716e+06
2.596e+06
2.74e+06
2.644e+06
2.548e+06
2.788e+06
2.676e+06
2.604e+06
2.812e+06
2.692e+06
2.6e+06
2.784e+06
2.644e+06
2.56e+06
2.792e+06
2.668e+06
2.64e+06
2.82e+06
2.7e+06
2.62e+06
2.792e+06
2.636e+06
2.576e+06
2.76e+06
2.672e+06
2.628e+06
2.824e+06
2.676e+06
2.604e+06
2.752e+06
2.644e+06
2.584e+06
2.788e+06
2.66e+06
2.624e+06
2.792e+06
2.708e+06
2.608e+06
2.776e+06
2.62e+06
2.592e+06
2.772e+06
2.684e+06
2.62e+06
2.824e+06
2.684e+06
2.608e+06
2.756e+06
2.632e+06
2.58e+06
2.804e+06
2.668e+06
2.636e+06
2.812e+06
2.664e+06
2.6e+06
2.78e+06
2.612e+06
2.6e+06
2.796e+06
2.644e+06
2.632e+06
2.824e+06
2.664e+06
2.62e+06
2.78e+06
2.6e+06
2.62e+06
2.796e+06
2.668e+06
2.656e+06
2.828e+06
2.64e+06
2.62e+06
2.752e+06
2.628e+06
2.784e+06
2.648e+06
2.672e+06
2.8e+06
2.64e+06
2.62e+06
2.756e+06
2.612e+06
2.636e+06
2.784e+06
2.656e+06
2.652e+06
2.836e+06
2.636e+06
2.62e+06
2.736e+06
2.608e+06
2.636e+06
2.824e+06
2.652e+06
2.668e+06
2.8e+06
2.62e+06
2.632e+06
2.792e+06
2.588e+06
2.684e+06
2.8e+06
2.644e+06
2.688e+06
2.824e+06
2.616e+06
2.652e+06
2.772e+06
2.592e+06
2.668e+06
2.792e+06
2.648e+06
2.712e+06
2.812e+06
2.596e+06
2.656e+06
2.744e+06
2.608e+06
2.692e+06
2.796e+06
2.616e+06
2.732e+06
2.772e+06
2.604e+06
2.648e+06
2.756e+06
2.608e+06
2.696e+06
2.768e+06
2.644e+06
2.68e+06
2.796e+06
2.6e+06
2.652e+06
2.744e+06
2.62e+06
2.676e+06
2.82e+06
2.64e+06
2.692e+06
2.788e+06
2.588e+06
2.66e+06
2.788e+06
2.624e+06
2.68e+06
2.8e+06
2.64e+06
2.696e+06
2.768e+06
2.604e+06
2.684e+06
2.784e+06
2.612e+06
2.684e+06
2.784e+06
2.636e+06
2.716e+06
2.776e+06
2.588e+06
2.672e+06
2.752e+06
2.628e+06
2.716e+06
2.808e+06
2.632e+06
2.708e+06
2.756e+06
2.612e+06
2.664e+06
2.772e+06
2.62e+06
2.72e+06
2.788e+06
2.64e+06
2.672e+06
2.768e+06
2.596e+06
2.684e+06
2.768e+06
2.644e+06
2.68e+06
2.812e+06
2.644e+06
2.708e+06
2.756e+06
2.616e+06
2.656e+06
2.8e+06
2.628e+06
2.684e+06
2.788e+06
2.628e+06
2.66e+06
2.796e+06
2.596e+06
2.668e+06
2.788e+06
2.628e+06
2.676e+06
2.796e+06
2.636e+06
2.668e+06
2.784e+06
2.6e+06
2.66e+06
2.788e+06
2.616e+06
2.708e+06
2.82e+06
2.624e+06
2.696e+06
2.792e+06
2.628e+06
2.712e+06
2.864e+06
2.656e+06
2.82e+06
2.924e+06
2.688e+06
2.72e+06
2.968e+06
2.644e+06
2.772e+06
2.944e+06
2.692e+06
2.76e+06
3.008e+06
2.636e+06
2.768e+06
2.94e+06
2.676e+06
2.772e+06
3e+06
2.684e+06
2.808e+06
3.024e+06
2.692e+06
2.764e+06
2.992e+06
2.696e+06
2.816e+06
3.032e+06
2.696e+06
2.804e+06
3.02e+06
2.692e+06
2.804e+06
3.004e+06
2.648e+06
2.784e+06
3.048e+06
2.712e+06
2.82e+06
3e+06
2.696e+06
2.816e+06
3.044e+06
2.728e+06
2.784e+06
3.004e+06
2.448e+06
2.448e+06
2.472e+06
2.444e+06
2.452e+06
2.46e+06
2.448e+06
2.452e+06
2.464e+06
2.428e+06
2.46e+06
2.464e+06
2.456e+06
2.452e+06
2.464e+06
2.456e+06
2.452e+06
2.46e+06
2.456e+06
2.448e+06
2.456e+06
2.464e+06
2.448e+06
2.46e+06
2.46e+06
2.452e+06
2.464e+06
2.464e+06
2.448e+06
2.46e+06
2.456e+06
2.452e+06
2.464e+06
2.46e+06
2.448e+06
2.46e+06
2.46e+06
2.448e+06
2.46e+06
2.456e+06
2.452e+06
2.464e+06
2.46e+06
2.448e+06
2.456e+06
2.464e+06
2.444e+06
2.46e+06
2.472e+06
2.444e+06
2.452e+06
2.464e+06
2.444e+06
2.456e+06
2.46e+06
2.452e+06
2.456e+06
2.46e+06
2.448e+06
2.448e+06
2.456e+06
2.44e+06
2.452e+06
2.456e+06
2.444e+06
2.44e+06
2.456e+06
2.44e+06
2.44e+06
2.456e+06
2.444e+06
2.44e+06
2.452e+06
2.44e+06
2.452e+06
2.456e+06
2.44e+06
2.44e+06
2.456e+06
2.444e+06
2.44e+06
2.456e+06
2.444e+06
2.44e+06
2.464e+06
2.444e+06
2.44e+06
2.456e+06
2.444e+06
2.436e+06
2.452e+06
2.444e+06
2.452e+06
2.452e+06
2.44e+06
2.452e+06
2.452e+06
2.448e+06
2.444e+06
2.448e+06
2.448e+06
1.444e+06
2.456e+06
2.448e+06
2.44e+06
2.452e+06
2.448e+06
2.44e+06
2.452e+06
2.448e+06
2.436e+06
2.452e+06
2.456e+06
2.444e+06
2.464e+06
2.452e+06
2.448e+06
2.464e+06
2.452e+06
2.456e+06
2.468e+06
2.452e+06
1.296e+06
2.416e+06
1.144e+06
188000
2.304e+06
2.46e+06
2.448e+06
1.344e+06
16000
528000
2.428e+06
2.452e+06
2.456e+06
2.452e+06
2.452e+06
2.436e+06
2.444e+06
2.456e+06
2.452e+06
2.44e+06
2.456e+06
2.456e+06
2.444e+06
2.448e+06
2.456e+06
2.444e+06
2.456e+06
2.456e+06
2.444e+06
2.456e+06
2.448e+06
2.448e+06
2.456e+06
2.456e+06
2.444e+06
2.456e+06
2.46e+06
2.44e+06
2.468e+06
2.452e+06
2.444e+06
2.452e+06
2.46e+06
2.448e+06
2.448e+06
2.456e+06
2.444e+06
2.26e+06
2.456e+06
2.448e+06
2.444e+06
2.452e+06
2.444e+06
2.448e+06
2.456e+06
2.444e+06
2.444e+06
2.452e+06
2.448e+06
2.456e+06
2.452e+06
2.448e+06
2.448e+06
2.452e+06
2.444e+06
2.44e+06
2.452e+06
2.448e+06
2.452e+06
2.452e+06
2.44e+06
2.444e+06
2.452e+06
2.444e+06
2.44e+06
2.46e+06
2.444e+06
2.44e+06
2.456e+06
2.448e+06
2.452e+06
2.456e+06
2.448e+06
2.448e+06
2.46e+06
2.448e+06
2.456e+06
2.452e+06
2.452e+06
2.452e+06
2.464e+06
2.448e+06
2.456e+06
2.452e+06
2.46e+06
2.456e+06
2.46e+06
2.464e+06
2.448e+06
2.46e+06
2.464e+06
2.46e+06
2.464e+06
2.456e+06
2.46e+06
2.452e+06
2.464e+06
2.452e+06
2.46e+06
2.468e+06
2.448e+06
2.464e+06
2.46e+06
2.46e+06
2.456e+06
2.46e+06
2.46e+06
2.456e+06
2.468e+06
2.456e+06
2.464e+06
2.46e+06
2.448e+06
2.464e+06
2.452e+06
2.452e+06
2.456e+06
2.46e+06
2.448e+06
2.456e+06
2.46e+06
