Channel 1
2.055e+07
2.054e+07
2.06e+07
2.061e+07
2.056e+07
2.055e+07
2.06e+07
2.06e+07
2.057e+07
2.057e+07
2.06e+07
2.057e+07
2.052e+07
2.057e+07
2.062e+07
2.055e+07
2.054e+07
2.062e+07
2.06e+07
2.057e+07
2.057e+07
2.06e+07
2.055e+07
2.054e+07
2.06e+07
2.063e+07
2.052e+07
2.053e+07
2.06e+07
2.057e+07
2.052e+07
2.05e+07
2.06e+07
2.056e+07
2.052e+07
2.058e+07
2.059e+07
2.052e+07
2.052e+07
2.118e+07
2.116e+07
2.102e+07
2.101e+07
2.1e+07
2.117e+07
2.121e+07
2.123e+07
2.131e+07
2.123e+07
2.098e+07
2.098e+07
2.086e+07
2.092e+07
2.113e+07
2.123e+07
2.124e+07
2.117e+07
2.104e+07
2.09e+07
2.079e+07
2.104e+07
2.118e+07
2.122e+07
2.122e+07
2.111e+07
2.096e+07
2.087e+07
2.078e+07
2.108e+07
2.117e+07
2.118e+07
2.12e+07
2.101e+07
2.092e+07
2.075e+07
2.094e+07
2.12e+07
2.117e+07
2.116e+07
2.115e+07
2.097e+07
2.085e+07
2.076e+07
2.109e+07
2.121e+07
2.116e+07
2.114e+07
2.11e+07
2.092e+07
2.075e+07
2.09e+07
2.117e+07
2.116e+07
2.119e+07
2.117e+07
2.099e+07
2.086e+07
2.071e+07
2.102e+07
2.121e+07
2.113e+07
2.119e+07
2.115e+07
2.094e+07
2.076e+07
2.081e+07
2.115e+07
2.118e+07
2.119e+07
2.119e+07
2.104e+07
2.084e+07
2.074e+07
2.107e+07
2.117e+07
2.118e+07
2.126e+07
2.116e+07
2.09e+07
2.078e+07
2.078e+07
2.116e+07
2.119e+07
2.111e+07
2.124e+07
2.102e+07
2.078e+07
2.072e+07
2.101e+07
2.115e+07
2.116e+07
2.12e+07
2.118e+07
2.094e+07
2.076e+07
2.074e+07
2.114e+07
2.112e+07
2.113e+07
2.123e+07
2.109e+07
2.086e+07
2.074e+07
2.092e+07
2.116e+07
2.114e+07
2.117e+07
2.118e+07
2.09e+07
2.077e+07
2.074e+07
2.106e+07
2.11e+07
2.116e+07
2.119e+07
2.111e+07
2.083e+07
2.075e+07
2.088e+07
2.119e+07
2.107e+07
2.12e+07
2.121e+07
2.093e+07
2.079e+07
2.076e+07
2.104e+07
2.111e+07
2.117e+07
2.123e+07
2.115e+07
2.082e+07
2.078e+07
2.082e+07
2.105e+07
2.11e+07
2.117e+07
2.125e+07
2.102e+07
2.077e+07
2.072e+07
2.097e+07
2.104e+07
2.108e+07
2.117e+07
2.112e+07
2.087e+07
2.077e+07
2.073e+07
2.104e+07
2.109e+07
2.112e+07
2.12e+07
2.1e+07
2.078e+07
2.079e+07
2.093e+07
2.107e+07
2.113e+07
2.115e+07
2.113e+07
2.091e+07
2.078e+07
2.075e+07
2.099e+07
2.111e+07
2.116e+07
2.119e+07
2.106e+07
2.082e+07
2.074e+07
2.083e+07
2.108e+07
2.112e+07
2.123e+07
2.119e+07
2.093e+07
2.082e+07
2.073e+07
2.091e+07
2.111e+07
2.113e+07
2.115e+07
2.111e+07
2.083e+07
2.081e+07
2.069e+07
2.102e+07
2.116e+07
2.113e+07
2.109e+07
2.097e+07
2.084e+07
2.076e+07
2.084e+07
2.108e+07
2.113e+07
2.113e+07
2.108e+07
2.087e+07
2.079e+07
2.063e+07
2.096e+07
2.113e+07
2.115e+07
2.113e+07
2.102e+07
2.078e+07
2.074e+07
2.079e+07
2.105e+07
2.117e+07
2.109e+07
2.11e+07
2.091e+07
2.076e+07
2.063e+07
2.091e+07
2.109e+07
2.112e+07
2.109e+07
2.104e+07
2.082e+07
2.071e+07
2.071e+07
2.106e+07
2.112e+07
2.109e+07
2.112e+07
2.098e+07
2.085e+07
2.066e+07
2.083e+07
2.112e+07
2.112e+07
2.11e+07
2.113e+07
2.085e+07
2.069e+07
2.068e+07
2.102e+07
2.113e+07
2.109e+07
2.112e+07
2.109e+07
2.078e+07
2.065e+07
2.08e+07
2.114e+07
2.108e+07
2.111e+07
2.115e+07
2.092e+07
2.072e+07
2.063e+07
2.102e+07
2.112e+07
2.109e+07
2.115e+07
2.112e+07
2.076e+07
2.068e+07
2.082e+07
2.108e+07
2.108e+07
2.109e+07
2.116e+07
2.099e+07
2.069e+07
2.065e+07
2.093e+07
2.107e+07
2.111e+07
2.113e+07
2.112e+07
2.08e+07
2.064e+07
2.068e+07
2.105e+07
2.105e+07
2.107e+07
2.12e+07
2.099e+07
2.074e+07
2.063e+07
2.09e+07
2.107e+07
2.105e+07
2.113e+07
2.118e+07
2.086e+07
2.072e+07
2.067e+07
2.1e+07
2.111e+07
2.108e+07
2.114e+07
2.108e+07
2.074e+07
2.067e+07
2.084e+07
2.103e+07
2.106e+07
2.114e+07
2.117e+07
2.09e+07
2.069e+07
2.063e+07
2.092e+07
2.107e+07
2.11e+07
2.117e+07
2.11e+07
2.076e+07
2.074e+07
2.071e+07
2.097e+07
2.114e+07
2.117e+07
2.113e+07
2.095e+07
2.068e+07
2.07e+07
2.085e+07
2.105e+07
2.116e+07
2.119e+07
2.109e+07
2.081e+07
2.072e+07
2.066e+07
2.093e+07
2.112e+07
2.115e+07
2.114e+07
2.098e+07
2.077e+07
2.07e+07
2.076e+07
2.098e+07
2.115e+07
2.112e+07
2.107e+07
2.086e+07
2.072e+07
2.062e+07
2.086e+07
2.108e+07
2.114e+07
2.108e+07
2.104e+07
2.08e+07
2.07e+07
2.067e+07
2.098e+07
2.11e+07
2.115e+07
2.106e+07
2.089e+07
2.073e+07
2.06e+07
2.086e+07
2.111e+07
2.114e+07
2.111e+07
2.109e+07
2.08e+07
2.073e+07
2.061e+07
2.096e+07
2.115e+07
2.115e+07
2.116e+07
2.107e+07
2.077e+07
2.067e+07
2.076e+07
2.107e+07
2.113e+07
2.11e+07
2.108e+07
2.087e+07
2.069e+07
2.056e+07
2.092e+07
2.108e+07
2.106e+07
2.11e+07
2.107e+07
2.076e+07
2.063e+07
2.072e+07
2.108e+07
2.113e+07
2.104e+07
2.11e+07
2.091e+07
2.066e+07
2.06e+07
2.087e+07
2.111e+07
2.114e+07
2.108e+07
2.115e+07
2.079e+07
2.061e+07
2.063e+07
2.099e+07
2.107e+07
2.108e+07
2.113e+07
2.103e+07
2.069e+07
2.054e+07
2.086e+07
2.106e+07
2.104e+07
2.111e+07
2.113e+07
2.08e+07
2.064e+07
2.06e+07
2.097e+07
2.105e+07
2.107e+07
2.114e+07
2.111e+07
2.067e+07
2.061e+07
2.079e+07
2.104e+07
2.108e+07
2.111e+07
2.111e+07
2.09e+07
2.063e+07
2.061e+07
2.091e+07
2.103e+07
2.108e+07
2.113e+07
2.113e+07
2.073e+07
2.064e+07
2.064e+07
2.101e+07
2.108e+07
2.109e+07
2.118e+07
2.098e+07
2.063e+07
2.064e+07
2.086e+07
2.107e+07
2.107e+07
2.112e+07
2.115e+07
2.082e+07
2.067e+07
2.067e+07
2.098e+07
2.109e+07
2.113e+07
2.117e+07
2.1e+07
2.072e+07
2.064e+07
2.086e+07
2.103e+07
2.108e+07
2.116e+07
2.114e+07
2.085e+07
2.076e+07
2.064e+07
2.087e+07
2.109e+07
2.113e+07
2.116e+07
2.104e+07
2.071e+07
2.07e+07
2.073e+07
2.097e+07
2.112e+07
2.114e+07
2.113e+07
2.087e+07
2.07e+07
2.067e+07
2.082e+07
2.106e+07
2.113e+07
2.116e+07
2.106e+07
2.076e+07
2.069e+07
2.061e+07
2.099e+07
2.112e+07
2.113e+07
2.109e+07
2.093e+07
2.069e+07
2.073e+07
2.072e+07
2.102e+07
2.113e+07
2.107e+07
2.113e+07
2.082e+07
2.067e+07
2.058e+07
2.086e+07
2.109e+07
2.117e+07
2.108e+07
2.101e+07
2.073e+07
2.063e+07
2.072e+07
2.105e+07
2.116e+07
2.115e+07
2.11e+07
2.089e+07
2.072e+07
2.056e+07
2.084e+07
2.111e+07
2.114e+07
2.107e+07
2.108e+07
2.073e+07
2.063e+07
2.062e+07
2.098e+07
2.114e+07
2.108e+07
2.111e+07
2.102e+07
2.075e+07
2.054e+07
2.08e+07
2.107e+07
2.107e+07
2.106e+07
2.11e+07
2.081e+07
2.06e+07
2.053e+07
2.099e+07
2.111e+07
2.104e+07
2.107e+07
2.105e+07
2.067e+07
2.059e+07
2.075e+07
2.113e+07
2.113e+07
2.103e+07
2.111e+07
2.092e+07
2.06e+07
2.057e+07
2.092e+07
2.111e+07
2.109e+07
2.111e+07
2.108e+07
2.073e+07
2.059e+07
2.065e+07
2.104e+07
2.105e+07
2.107e+07
2.115e+07
2.103e+07
2.067e+07
2.059e+07
2.083e+07
2.11e+07
2.107e+07
2.111e+07
2.112e+07
2.073e+07
2.062e+07
2.062e+07
2.099e+07
2.109e+07
2.113e+07
2.116e+07
2.107e+07
2.069e+07
2.058e+07
2.088e+07
2.108e+07
2.11e+07
2.117e+07
2.117e+07
2.081e+07
2.066e+07
2.064e+07
2.097e+07
2.112e+07
2.111e+07
2.121e+07
2.11e+07
2.068e+07
2.068e+07
2.076e+07
2.102e+07
2.114e+07
2.117e+07
2.121e+07
2.087e+07
2.064e+07
2.064e+07
2.085e+07
2.103e+07
2.113e+07
2.114e+07
2.106e+07
2.071e+07
2.068e+07
2.069e+07
2.099e+07
2.108e+07
2.114e+07
2.116e+07
2.093e+07
2.064e+07
2.071e+07
2.079e+07
2.107e+07
2.116e+07
2.119e+07
2.109e+07
2.074e+07
2.066e+07
2.066e+07
2.091e+07
2.11e+07
2.113e+07
2.111e+07
2.102e+07
2.071e+07
2.065e+07
2.076e+07
2.102e+07
2.114e+07
2.118e+07
2.108e+07
2.083e+07
2.067e+07
2.063e+07
2.089e+07
2.113e+07
2.114e+07
2.114e+07
2.109e+07
2.075e+07
2.07e+07
2.071e+07
2.102e+07
2.115e+07
2.116e+07
2.112e+07
2.092e+07
2.067e+07
2.059e+07
2.084e+07
2.108e+07
2.116e+07
2.112e+07
2.11e+07
2.08e+07
2.069e+07
2.06e+07
2.102e+07
2.113e+07
2.111e+07
2.114e+07
2.099e+07
2.074e+07
2.06e+07
2.074e+07
2.113e+07
2.115e+07
2.113e+07
2.114e+07
2.088e+07
2.064e+07
2.06e+07
2.099e+07
2.118e+07
2.115e+07
2.113e+07
2.112e+07
2.078e+07
2.058e+07
2.077e+07
2.112e+07
2.116e+07
2.113e+07
2.111e+07
2.092e+07
2.068e+07
2.057e+07
2.092e+07
2.119e+07
2.111e+07
2.112e+07
2.115e+07
2.079e+07
2.062e+07
2.067e+07
2.103e+07
2.113e+07
2.112e+07
2.116e+07
2.1e+07
2.066e+07
2.057e+07
2.092e+07
2.113e+07
2.111e+07
2.114e+07
2.114e+07
2.084e+07
2.064e+07
2.061e+07
2.102e+07
2.112e+07
2.112e+07
2.119e+07
2.107e+07
2.066e+07
2.064e+07
2.086e+07
2.111e+07
2.111e+07
2.11e+07
2.119e+07
2.088e+07
2.064e+07
2.07e+07
2.098e+07
2.11e+07
2.116e+07
2.121e+07
2.112e+07
2.072e+07
2.066e+07
2.084e+07
2.107e+07
2.111e+07
2.114e+07
2.121e+07
2.088e+07
2.058e+07
2.068e+07
2.09e+07
2.113e+07
2.113e+07
2.115e+07
2.116e+07
2.073e+07
2.063e+07
2.072e+07
2.099e+07
2.113e+07
2.119e+07
2.121e+07
2.097e+07
2.066e+07
2.064e+07
2.09e+07
2.105e+07
2.111e+07
2.117e+07
2.115e+07
2.083e+07
2.069e+07
2.069e+07
2.097e+07
2.113e+07
2.116e+07
2.12e+07
2.11e+07
2.068e+07
2.07e+07
2.087e+07
2.111e+07
2.12e+07
2.118e+07
2.115e+07
2.086e+07
2.068e+07
2.066e+07
2.095e+07
2.114e+07
2.121e+07
2.122e+07
2.108e+07
2.079e+07
2.067e+07
2.075e+07
2.103e+07
2.118e+07
2.123e+07
2.113e+07
2.097e+07
2.072e+07
2.069e+07
2.083e+07
2.115e+07
2.12e+07
2.114e+07
2.115e+07
2.084e+07
2.07e+07
2.065e+07
2.099e+07
2.118e+07
2.122e+07
2.113e+07
2.103e+07
2.073e+07
2.064e+07
2.089e+07
2.115e+07
2.121e+07
2.12e+07
2.111e+07
2.09e+07
2.072e+07
2.062e+07
2.097e+07
2.121e+07
2.118e+07
2.118e+07
2.114e+07
2.077e+07
2.067e+07
2.088e+07
2.114e+07
2.121e+07
2.118e+07
2.116e+07
2.101e+07
2.079e+07
2.063e+07
2.099e+07
2.115e+07
2.117e+07
2.12e+07
2.118e+07
2.087e+07
2.067e+07
2.084e+07
2.114e+07
2.121e+07
2.116e+07
2.119e+07
2.102e+07
2.07e+07
2.068e+07
2.097e+07
2.125e+07
2.121e+07
2.115e+07
2.124e+07
2.091e+07
2.065e+07
2.079e+07
2.107e+07
2.117e+07
2.119e+07
2.123e+07
2.11e+07
2.073e+07
2.067e+07
2.094e+07
2.12e+07
2.114e+07
2.113e+07
2.125e+07
2.101e+07
2.072e+07
2.07e+07
2.1e+07
2.118e+07
2.116e+07
2.122e+07
2.121e+07
2.078e+07
2.068e+07
2.095e+07
2.116e+07
2.12e+07
2.12e+07
2.122e+07
2.105e+07
2.071e+07
2.071e+07
2.115e+07
2.123e+07
2.128e+07
2.132e+07
2.132e+07
2.091e+07
2.078e+07
2.1e+07
2.121e+07
2.128e+07
2.127e+07
2.134e+07
2.116e+07
2.088e+07
2.094e+07
2.118e+07
2.134e+07
2.141e+07
2.148e+07
2.159e+07
2.109e+07
2.092e+07
2.105e+07
2.129e+07
2.138e+07
2.147e+07
2.153e+07
2.135e+07
2.098e+07
2.099e+07
2.124e+07
2.134e+07
2.142e+07
2.148e+07
2.152e+07
2.116e+07
2.097e+07
2.116e+07
2.122e+07
2.139e+07
2.152e+07
2.154e+07
2.143e+07
2.106e+07
2.104e+07
2.122e+07
2.125e+07
2.143e+07
2.152e+07
2.145e+07
2.13e+07
2.101e+07
2.11e+07
2.124e+07
2.136e+07
2.152e+07
2.169e+07
2.143e+07
2.112e+07
2.107e+07
2.118e+07
2.126e+07
2.145e+07
2.16e+07
2.146e+07
2.133e+07
2.11e+07
2.109e+07
2.12e+07
2.136e+07
2.159e+07
2.161e+07
2.144e+07
2.103e+07
2.117e+07
2.106e+07
2.125e+07
2.143e+07
2.158e+07
2.15e+07
2.139e+07
2.12e+07
2.111e+07
2.117e+07
2.138e+07
2.152e+07
2.158e+07
2.139e+07
2.133e+07
2.111e+07
2.1e+07
2.129e+07
2.141e+07
2.16e+07
2.149e+07
2.143e+07
2.123e+07
2.11e+07
2.111e+07
2.135e+07
2.151e+07
2.156e+07
2.147e+07
2.13e+07
2.118e+07
2.101e+07
2.122e+07
2.154e+07
2.155e+07
2.147e+07
2.124e+07
2.128e+07
2.107e+07
2.106e+07
2.134e+07
2.149e+07
2.149e+07
2.148e+07
2.14e+07
2.124e+07
2.099e+07
2.115e+07
2.154e+07
2.162e+07
2.145e+07
2.145e+07
2.136e+07
2.112e+07
2.087e+07
2.118e+07
2.165e+07
2.146e+07
2.145e+07
2.153e+07
2.123e+07
2.098e+07
2.116e+07
2.146e+07
2.161e+07
2.141e+07
2.149e+07
2.143e+07
2.108e+07
2.103e+07
2.125e+07
2.156e+07
2.146e+07
2.119e+07
2.157e+07
2.131e+07
2.094e+07
2.112e+07
2.138e+07
2.157e+07
2.143e+07
2.145e+07
2.152e+07
2.106e+07
2.097e+07
2.131e+07
2.148e+07
2.15e+07
2.142e+07
2.155e+07
2.135e+07
2.083e+07
2.102e+07
2.135e+07
2.151e+07
2.147e+07
2.147e+07
2.107e+07
2.094e+07
2.133e+07
2.144e+07
2.148e+07
2.146e+07
2.156e+07
2.141e+07
2.099e+07
2.106e+07
2.136e+07
2.146e+07
2.12e+07
2.151e+07
2.164e+07
2.112e+07
2.097e+07
2.129e+07
2.143e+07
2.143e+07
2.15e+07
2.149e+07
2.143e+07
2.102e+07
2.101e+07
2.135e+07
2.138e+07
2.141e+07
2.16e+07
2.157e+07
2.111e+07
2.098e+07
2.109e+07
2.142e+07
2.14e+07
2.149e+07
2.165e+07
2.14e+07
2.106e+07
2.102e+07
2.134e+07
2.139e+07
2.14e+07
2.165e+07
2.159e+07
2.127e+07
2.103e+07
2.107e+07
2.139e+07
2.12e+07
2.147e+07
2.158e+07
2.143e+07
2.114e+07
2.107e+07
2.129e+07
2.135e+07
2.14e+07
2.159e+07
2.158e+07
2.138e+07
2.107e+07
2.107e+07
2.13e+07
2.141e+07
2.147e+07
2.171e+07
2.138e+07
2.116e+07
2.113e+07
2.12e+07
2.133e+07
2.146e+07
2.156e+07
2.16e+07
2.134e+07
2.111e+07
2.114e+07
2.116e+07
2.139e+07
2.154e+07
2.162e+07
2.152e+07
2.12e+07
2.115e+07
2.118e+07
2.122e+07
2.149e+07
2.155e+07
2.15e+07
2.143e+07
2.119e+07
2.116e+07
2.117e+07
2.13e+07
2.16e+07
2.157e+07
2.15e+07
2.137e+07
2.115e+07
2.111e+07
2.121e+07
2.15e+07
2.175e+07
2.14e+07
2.146e+07
2.125e+07
2.112e+07
2.116e+07
2.132e+07
2.162e+07
2.16e+07
2.149e+07
2.145e+07
2.12e+07
2.102e+07
2.122e+07
2.149e+07
2.157e+07
2.143e+07
2.15e+07
2.132e+07
2.12e+07
2.102e+07
2.126e+07
2.158e+07
2.158e+07
2.148e+07
2.154e+07
2.124e+07
2.106e+07
2.12e+07
2.143e+07
2.164e+07
2.146e+07
2.147e+07
2.154e+07
2.115e+07
2.104e+07
2.13e+07
2.167e+07
2.156e+07
2.15e+07
2.156e+07
2.136e+07
2.094e+07
2.115e+07
2.14e+07
2.164e+07
2.152e+07
2.143e+07
2.16e+07
2.117e+07
2.096e+07
2.136e+07
2.154e+07
2.148e+07
2.144e+07
2.156e+07
2.143e+07
2.097e+07
2.102e+07
2.144e+07
2.147e+07
2.154e+07
2.152e+07
2.16e+07
2.12e+07
2.098e+07
2.139e+07
2.151e+07
2.147e+07
2.15e+07
2.155e+07
2.149e+07
2.1e+07
2.089e+07
2.148e+07
2.15e+07
2.152e+07
2.163e+07
2.156e+07
2.121e+07
2.099e+07
2.128e+07
2.149e+07
2.139e+07
2.153e+07
2.161e+07
2.141e+07
2.113e+07
2.106e+07
2.136e+07
2.145e+07
2.132e+07
2.159e+07
2.165e+07
2.127e+07
2.103e+07
2.11e+07
2.145e+07
2.147e+07
2.15e+07
2.165e+07
2.144e+07
2.114e+07
2.11e+07
2.137e+07
2.145e+07
2.144e+07
2.167e+07
2.163e+07
2.134e+07
2.102e+07
2.122e+07
2.135e+07
2.144e+07
2.155e+07
2.17e+07
2.145e+07
2.115e+07
2.115e+07
2.131e+07
2.139e+07
2.151e+07
2.166e+07
2.163e+07
2.138e+07
2.12e+07
2.12e+07
2.126e+07
2.124e+07
2.155e+07
2.166e+07
2.15e+07
2.124e+07
2.12e+07
2.117e+07
2.132e+07
2.157e+07
2.162e+07
2.154e+07
2.145e+07
2.119e+07
2.118e+07
2.116e+07
2.143e+07
2.162e+07
2.158e+07
2.145e+07
2.12e+07
2.12e+07
2.112e+07
2.125e+07
2.161e+07
2.163e+07
2.147e+07
2.152e+07
2.124e+07
2.117e+07
2.118e+07
2.135e+07
2.164e+07
2.154e+07
2.152e+07
2.147e+07
2.128e+07
2.109e+07
2.1e+07
2.158e+07
2.169e+07
2.149e+07
2.152e+07
2.131e+07
2.116e+07
2.101e+07
2.137e+07
2.168e+07
2.148e+07
2.154e+07
2.157e+07
2.125e+07
2.104e+07
2.123e+07
2.159e+07
2.17e+07
2.131e+07
2.141e+07
2.145e+07
2.11e+07
2.105e+07
2.133e+07
2.166e+07
2.152e+07
2.148e+07
2.164e+07
2.131e+07
2.107e+07
2.128e+07
2.151e+07
2.162e+07
2.151e+07
2.162e+07
2.156e+07
2.097e+07
2.088e+07
2.146e+07
2.164e+07
2.16e+07
2.158e+07
2.175e+07
2.138e+07
2.108e+07
2.125e+07
2.149e+07
2.156e+07
2.153e+07
2.159e+07
2.167e+07
2.11e+07
2.106e+07
2.139e+07
2.155e+07
2.135e+07
2.15e+07
2.167e+07
2.14e+07
2.104e+07
2.124e+07
2.151e+07
2.145e+07
2.152e+07
2.158e+07
2.166e+07
2.123e+07
2.102e+07
2.142e+07
2.147e+07
2.148e+07
2.169e+07
2.166e+07
2.136e+07
2.092e+07
2.113e+07
2.146e+07
2.143e+07
2.156e+07
2.169e+07
2.153e+07
2.128e+07
2.113e+07
2.134e+07
2.142e+07
2.148e+07
2.172e+07
2.168e+07
2.149e+07
2.116e+07
2.115e+07
2.147e+07
2.121e+07
2.164e+07
2.168e+07
2.152e+07
2.136e+07
2.118e+07
2.126e+07
2.137e+07
2.148e+07
2.173e+07
2.166e+07
2.158e+07
2.128e+07
2.126e+07
2.137e+07
2.142e+07
2.169e+07
2.173e+07
2.146e+07
2.142e+07
2.118e+07
2.124e+07
2.132e+07
2.148e+07
2.175e+07
2.153e+07
2.153e+07
2.138e+07
2.122e+07
2.123e+07
2.139e+07
2.167e+07
2.175e+07
2.147e+07
2.147e+07
2.128e+07
2.104e+07
2.11e+07
2.161e+07
2.172e+07
2.16e+07
2.147e+07
2.149e+07
2.124e+07
2.111e+07
2.141e+07
2.159e+07
2.162e+07
2.152e+07
2.158e+07
2.13e+07
2.105e+07
2.129e+07
2.154e+07
2.175e+07
2.144e+07
2.149e+07
2.152e+07
2.114e+07
2.109e+07
2.144e+07
2.159e+07
2.157e+07
2.148e+07
2.165e+07
2.136e+07
2.102e+07
2.126e+07
2.146e+07
2.161e+07
2.155e+07
2.156e+07
2.167e+07
2.105e+07
2.105e+07
2.144e+07
2.161e+07
2.16e+07
2.154e+07
2.167e+07
2.147e+07
2.106e+07
2.124e+07
2.154e+07
2.154e+07
2.157e+07
2.162e+07
2.167e+07
2.116e+07
2.11e+07
2.146e+07
2.164e+07
2.138e+07
2.164e+07
2.166e+07
2.148e+07
2.108e+07
2.115e+07
2.151e+07
2.143e+07
2.155e+07
2.159e+07
2.172e+07
2.12e+07
2.104e+07
2.14e+07
2.144e+07
2.156e+07
2.17e+07
2.173e+07
2.138e+07
2.116e+07
2.119e+07
2.148e+07
2.15e+07
2.166e+07
2.16e+07
2.161e+07
2.125e+07
2.117e+07
2.133e+07
2.131e+07
2.152e+07
2.167e+07
2.168e+07
2.151e+07
2.113e+07
2.119e+07
2.138e+07
2.146e+07
2.173e+07
2.17e+07
2.159e+07
2.135e+07
2.12e+07
2.124e+07
2.13e+07
2.157e+07
2.167e+07
2.157e+07
2.156e+07
2.127e+07
2.123e+07
2.131e+07
2.14e+07
2.17e+07
2.18e+07
2.152e+07
2.147e+07
2.116e+07
2.122e+07
2.135e+07
2.153e+07
2.173e+07
2.156e+07
2.158e+07
2.141e+07
2.125e+07
2.131e+07
2.139e+07
2.17e+07
2.168e+07
2.157e+07
2.158e+07
2.137e+07
2.113e+07
2.131e+07
2.153e+07
2.177e+07
2.153e+07
2.157e+07
2.146e+07
2.121e+07
2.119e+07
2.138e+07
2.169e+07
2.163e+07
2.155e+07
2.169e+07
2.134e+07
2.11e+07
2.137e+07
2.159e+07
2.177e+07
2.151e+07
2.158e+07
2.159e+07
2.112e+07
2.112e+07
2.143e+07
2.165e+07
2.166e+07
2.152e+07
2.172e+07
2.139e+07
2.108e+07
2.131e+07
2.151e+07
2.161e+07
2.16e+07
2.159e+07
2.177e+07
2.116e+07
2.106e+07
2.148e+07
2.159e+07
2.161e+07
2.16e+07
2.171e+07
2.14e+07
2.105e+07
2.128e+07
2.151e+07
2.155e+07
2.154e+07
2.167e+07
2.174e+07
2.113e+07
2.111e+07
2.153e+07
2.152e+07
2.156e+07
2.164e+07
2.175e+07
2.138e+07
2.107e+07
2.126e+07
2.143e+07
2.157e+07
2.156e+07
2.17e+07
2.165e+07
2.12e+07
2.115e+07
2.138e+07
2.146e+07
2.156e+07
2.155e+07
2.176e+07
2.142e+07
2.109e+07
2.122e+07
2.14e+07
2.155e+07
2.165e+07
2.176e+07
2.162e+07
2.129e+07
2.124e+07
2.144e+07
2.133e+07
2.153e+07
2.163e+07
2.163e+07
2.152e+07
2.117e+07
2.14e+07
2.14e+07
2.139e+07
2.173e+07
2.168e+07
2.157e+07
2.138e+07
2.12e+07
2.124e+07
2.128e+07
2.158e+07
2.175e+07
2.155e+07
2.151e+07
2.127e+07
2.124e+07
2.123e+07
2.143e+07
2.171e+07
2.172e+07
2.159e+07
2.149e+07
2.123e+07
2.116e+07
2.129e+07
2.163e+07
2.167e+07
2.15e+07
2.159e+07
2.136e+07
2.126e+07
2.123e+07
2.135e+07
2.172e+07
2.161e+07
2.156e+07
2.153e+07
2.138e+07
2.112e+07
2.132e+07
2.154e+07
2.171e+07
2.154e+07
2.158e+07
2.144e+07
2.117e+07
2.111e+07
2.14e+07
2.173e+07
2.158e+07
2.15e+07
2.17e+07
2.135e+07
2.106e+07
2.129e+07
2.164e+07
2.166e+07
2.154e+07
2.16e+07
2.163e+07
2.106e+07
2.109e+07
2.145e+07
2.168e+07
2.162e+07
2.153e+07
2.174e+07
2.142e+07
2.107e+07
2.137e+07
2.152e+07
2.162e+07
2.156e+07
2.161e+07
2.171e+07
2.115e+07
2.11e+07
2.149e+07
2.16e+07
2.161e+07
2.163e+07
2.171e+07
2.145e+07
2.111e+07
2.121e+07
2.153e+07
2.147e+07
2.161e+07
2.165e+07
2.167e+07
2.124e+07
2.094e+07
2.156e+07
2.156e+07
2.156e+07
2.171e+07
2.169e+07
2.147e+07
2.117e+07
2.117e+07
2.154e+07
2.151e+07
2.162e+07
2.17e+07
2.159e+07
2.131e+07
2.117e+07
2.149e+07
2.152e+07
2.15e+07
2.173e+07
2.171e+07
2.15e+07
2.119e+07
2.118e+07
2.151e+07
2.146e+07
2.169e+07
2.177e+07
2.165e+07
2.132e+07
2.12e+07
2.134e+07
2.138e+07
2.157e+07
2.175e+07
2.167e+07
2.158e+07
2.107e+07
2.13e+07
2.136e+07
2.15e+07
2.169e+07
2.176e+07
2.097e+07
2.096e+07
2.108e+07
2.106e+07
2.098e+07
2.105e+07
2.109e+07
2.107e+07
2.102e+07
2.11e+07
2.112e+07
2.103e+07
2.098e+07
2.11e+07
2.11e+07
2.107e+07
2.108e+07
2.11e+07
2.107e+07
2.104e+07
2.111e+07
2.108e+07
2.103e+07
2.104e+07
2.109e+07
2.109e+07
2.108e+07
2.108e+07
2.111e+07
2.108e+07
2.106e+07
2.106e+07
2.108e+07
2.104e+07
2.102e+07
2.107e+07
2.107e+07
2.101e+07
2.101e+07
2.103e+07
2.102e+07
2.1e+07
2.102e+07
2.104e+07
2.102e+07
2.099e+07
2.105e+07
2.106e+07
2.1e+07
2.096e+07
2.106e+07
2.106e+07
2.102e+07
2.105e+07
2.107e+07
2.103e+07
2.1e+07
2.105e+07
2.105e+07
2.103e+07
2.102e+07
2.106e+07
2.105e+07
2.103e+07
2.106e+07
2.107e+07
2.104e+07
2.1e+07
2.106e+07
2.103e+07
2.102e+07
2.106e+07
2.106e+07
2.103e+07
2.104e+07
2.106e+07
2.106e+07
2.105e+07
2.107e+07
2.111e+07
2.106e+07
2.103e+07
2.109e+07
2.109e+07
2.106e+07
2.101e+07
2.11e+07
2.106e+07
2.106e+07
2.109e+07
2.107e+07
2.107e+07
2.104e+07
2.109e+07
2.109e+07
2.106e+07
2.105e+07
2.11e+07
2.11e+07
2.107e+07
2.105e+07
2.108e+07
2.108e+07
2.102e+07
2.108e+07
2.11e+07
2.108e+07
2.106e+07
2.11e+07
2.111e+07
2.105e+07
2.104e+07
2.11e+07
2.108e+07
2.106e+07
2.107e+07
2.108e+07
2.106e+07
2.106e+07
2.109e+07
2.114e+07
2.112e+07
2.107e+07
2.116e+07
2.113e+07
2.109e+07
2.108e+07
2.112e+07
2.11e+07
2.109e+07
2.109e+07
2.113e+07
