Channel 1
7.716e+07
7.724e+07
7.721e+07
7.699e+07
7.644e+07
7.67e+07
7.69e+07
7.694e+07
7.706e+07
7.708e+07
7.705e+07
7.711e+07
7.713e+07
7.716e+07
7.693e+07
7.699e+07
7.715e+07
7.717e+07
7.718e+07
7.722e+07
7.718e+07
7.725e+07
7.73e+07
7.735e+07
7.735e+07
7.735e+07
7.744e+07
7.742e+07
7.739e+07
7.734e+07
7.74e+07
7.74e+07
7.735e+07
7.73e+07
7.73e+07
7.728e+07
7.733e+07
7.743e+07
7.747e+07
7.746e+07
7.745e+07
7.741e+07
7.742e+07
7.737e+07
7.734e+07
7.738e+07
7.745e+07
7.739e+07
7.736e+07
7.736e+07
7.738e+07
7.735e+07
7.735e+07
7.739e+07
7.74e+07
7.741e+07
7.738e+07
7.734e+07
7.73e+07
7.731e+07
7.734e+07
7.741e+07
7.736e+07
7.739e+07
7.737e+07
7.742e+07
7.744e+07
7.739e+07
7.732e+07
7.729e+07
7.731e+07
7.725e+07
7.728e+07
7.729e+07
7.73e+07
7.729e+07
7.737e+07
7.739e+07
7.732e+07
7.728e+07
7.721e+07
7.734e+07
7.73e+07
7.727e+07
7.73e+07
7.737e+07
7.733e+07
7.731e+07
7.732e+07
7.735e+07
7.73e+07
7.723e+07
7.728e+07
7.726e+07
7.728e+07
7.725e+07
7.729e+07
7.733e+07
7.736e+07
7.734e+07
7.731e+07
7.736e+07
7.737e+07
7.74e+07
7.734e+07
7.725e+07
7.733e+07
7.731e+07
7.731e+07
7.733e+07
7.735e+07
7.731e+07
7.733e+07
7.738e+07
7.732e+07
7.732e+07
7.734e+07
7.733e+07
7.736e+07
7.735e+07
7.733e+07
7.731e+07
7.728e+07
7.734e+07
7.727e+07
7.728e+07
7.738e+07
7.736e+07
7.741e+07
7.749e+07
7.81e+07
7.824e+07
7.831e+07
7.831e+07
7.834e+07
7.824e+07
7.82e+07
7.815e+07
7.817e+07
7.821e+07
7.814e+07
7.784e+07
7.768e+07
7.736e+07
7.687e+07
7.648e+07
7.625e+07
7.607e+07
7.598e+07
7.636e+07
7.721e+07
7.732e+07
7.745e+07
7.773e+07
7.78e+07
7.783e+07
7.797e+07
7.793e+07
7.792e+07
7.802e+07
7.799e+07
7.794e+07
7.775e+07
7.723e+07
7.68e+07
7.652e+07
7.611e+07
7.592e+07
7.588e+07
7.577e+07
7.65e+07
7.684e+07
7.701e+07
7.719e+07
7.735e+07
7.747e+07
7.757e+07
7.759e+07
7.762e+07
7.758e+07
7.757e+07
7.762e+07
7.736e+07
7.698e+07
7.67e+07
7.641e+07
7.623e+07
7.597e+07
7.576e+07
7.545e+07
7.536e+07
7.556e+07
7.628e+07
7.646e+07
7.665e+07
7.686e+07
7.706e+07
7.716e+07
7.728e+07
7.734e+07
7.721e+07
7.727e+07
7.734e+07
7.74e+07
7.724e+07
7.687e+07
7.651e+07
7.609e+07
7.592e+07
7.583e+07
7.562e+07
7.57e+07
7.62e+07
7.643e+07
7.653e+07
7.669e+07
7.69e+07
7.711e+07
7.719e+07
7.725e+07
7.733e+07
7.729e+07
7.732e+07
7.742e+07
7.751e+07
7.743e+07
7.707e+07
7.672e+07
7.633e+07
7.608e+07
7.595e+07
7.583e+07
7.576e+07
7.625e+07
7.641e+07
7.661e+07
7.687e+07
7.708e+07
7.722e+07
7.726e+07
7.726e+07
7.744e+07
7.746e+07
7.748e+07
7.75e+07
7.737e+07
7.73e+07
7.718e+07
7.68e+07
7.64e+07
7.626e+07
7.601e+07
7.586e+07
7.573e+07
7.552e+07
7.621e+07
7.648e+07
7.66e+07
7.684e+07
7.696e+07
7.717e+07
7.731e+07
7.742e+07
7.741e+07
7.744e+07
7.751e+07
7.758e+07
7.752e+07
7.733e+07
7.69e+07
7.653e+07
7.633e+07
7.616e+07
7.606e+07
7.584e+07
7.555e+07
7.628e+07
7.656e+07
7.666e+07
7.685e+07
7.702e+07
7.714e+07
7.731e+07
7.737e+07
7.746e+07
7.739e+07
7.747e+07
7.756e+07
7.755e+07
7.745e+07
7.701e+07
7.662e+07
7.643e+07
7.629e+07
7.621e+07
7.608e+07
7.565e+07
7.638e+07
7.664e+07
7.675e+07
7.686e+07
7.705e+07
7.722e+07
7.734e+07
7.751e+07
7.753e+07
7.752e+07
7.755e+07
7.765e+07
7.765e+07
7.754e+07
7.724e+07
7.679e+07
7.651e+07
7.634e+07
7.626e+07
7.613e+07
7.564e+07
7.605e+07
7.662e+07
7.674e+07
7.686e+07
7.702e+07
7.723e+07
7.737e+07
7.742e+07
7.739e+07
7.745e+07
7.741e+07
7.75e+07
7.754e+07
7.747e+07
7.724e+07
7.684e+07
7.657e+07
7.643e+07
7.623e+07
7.61e+07
7.585e+07
7.6e+07
7.647e+07
7.659e+07
7.677e+07
7.695e+07
7.715e+07
7.727e+07
7.739e+07
7.745e+07
7.752e+07
7.765e+07
7.765e+07
7.769e+07
7.763e+07
7.755e+07
7.705e+07
7.664e+07
7.652e+07
7.625e+07
7.62e+07
7.599e+07
7.57e+07
7.63e+07
7.655e+07
7.67e+07
7.688e+07
7.709e+07
7.727e+07
7.737e+07
7.738e+07
7.739e+07
7.752e+07
7.756e+07
7.76e+07
7.766e+07
7.751e+07
7.706e+07
7.666e+07
7.663e+07
7.637e+07
7.623e+07
7.6e+07
7.572e+07
7.621e+07
7.648e+07
7.662e+07
7.681e+07
7.689e+07
7.709e+07
7.72e+07
7.733e+07
7.738e+07
7.745e+07
7.754e+07
7.759e+07
7.757e+07
7.746e+07
7.712e+07
7.67e+07
7.663e+07
7.639e+07
7.627e+07
7.612e+07
7.575e+07
7.613e+07
7.648e+07
7.666e+07
7.676e+07
7.694e+07
7.715e+07
7.729e+07
7.739e+07
7.748e+07
7.748e+07
7.753e+07
7.762e+07
7.762e+07
7.75e+07
7.725e+07
7.685e+07
7.661e+07
7.653e+07
7.633e+07
7.615e+07
7.576e+07
7.604e+07
7.645e+07
7.666e+07
7.677e+07
7.693e+07
7.715e+07
7.728e+07
7.738e+07
7.747e+07
7.749e+07
7.759e+07
7.767e+07
7.761e+07
7.754e+07
7.737e+07
7.693e+07
7.65e+07
7.64e+07
7.619e+07
7.616e+07
7.588e+07
7.576e+07
7.639e+07
7.654e+07
7.674e+07
7.69e+07
7.704e+07
7.724e+07
7.737e+07
7.743e+07
7.743e+07
7.747e+07
7.753e+07
7.76e+07
7.756e+07
7.744e+07
7.698e+07
7.654e+07
7.647e+07
7.631e+07
7.618e+07
7.598e+07
7.567e+07
7.641e+07
7.655e+07
7.67e+07
7.681e+07
7.698e+07
7.712e+07
7.732e+07
7.737e+07
7.742e+07
7.74e+07
7.756e+07
7.757e+07
7.761e+07
7.751e+07
7.707e+07
7.669e+07
7.651e+07
7.638e+07
7.624e+07
7.611e+07
7.575e+07
7.629e+07
7.654e+07
7.672e+07
7.682e+07
7.687e+07
7.703e+07
7.721e+07
7.72e+07
7.71e+07
7.698e+07
7.695e+07
7.673e+07
7.638e+07
7.608e+07
7.603e+07
7.619e+07
7.652e+07
7.666e+07
7.678e+07
7.716e+07
7.746e+07
7.758e+07
7.759e+07
7.757e+07
7.748e+07
7.864e+07
7.889e+07
7.991e+07
8.026e+07
8.06e+07
8.126e+07
8.168e+07
8.16e+07
8.135e+07
8.108e+07
8.087e+07
8.104e+07
8.14e+07
8.162e+07
8.177e+07
8.19e+07
8.213e+07
8.242e+07
8.253e+07
8.263e+07
8.275e+07
8.294e+07
8.285e+07
8.263e+07
8.246e+07
8.233e+07
8.207e+07
8.205e+07
8.178e+07
8.141e+07
8.119e+07
8.109e+07
8.136e+07
8.161e+07
8.172e+07
8.19e+07
8.216e+07
8.236e+07
8.244e+07
8.265e+07
8.268e+07
8.28e+07
8.283e+07
8.267e+07
8.324e+07
8.282e+07
8.292e+07
8.246e+07
8.224e+07
8.199e+07
8.154e+07
8.118e+07
8.111e+07
8.127e+07
8.156e+07
8.183e+07
8.201e+07
8.216e+07
8.222e+07
8.229e+07
8.255e+07
8.234e+07
8.193e+07
8.158e+07
8.081e+07
7.896e+07
7.926e+07
7.905e+07
7.889e+07
7.881e+07
7.852e+07
7.81e+07
7.756e+07
7.71e+07
7.724e+07
7.747e+07
7.768e+07
7.792e+07
7.806e+07
7.807e+07
7.824e+07
7.844e+07
7.866e+07
7.887e+07
7.891e+07
7.877e+07
7.882e+07
7.9e+07
7.894e+07
7.881e+07
7.871e+07
7.837e+07
7.798e+07
7.718e+07
7.714e+07
7.721e+07
7.734e+07
7.739e+07
7.751e+07
7.765e+07
7.782e+07
7.795e+07
7.808e+07
7.856e+07
7.882e+07
7.877e+07
7.88e+07
7.878e+07
7.883e+07
7.869e+07
7.871e+07
7.859e+07
7.823e+07
7.791e+07
7.75e+07
7.739e+07
7.735e+07
7.753e+07
7.804e+07
7.833e+07
7.844e+07
7.856e+07
7.869e+07
7.875e+07
7.884e+07
7.918e+07
7.912e+07
7.919e+07
7.929e+07
7.918e+07
7.906e+07
7.939e+07
7.944e+07
7.942e+07
7.95e+07
7.946e+07
7.94e+07
7.93e+07
7.912e+07
7.894e+07
7.912e+07
7.919e+07
7.915e+07
7.835e+07
7.825e+07
7.844e+07
7.836e+07
7.762e+07
7.709e+07
7.706e+07
7.705e+07
7.713e+07
7.739e+07
7.725e+07
7.641e+07
7.645e+07
7.647e+07
7.646e+07
7.658e+07
7.66e+07
7.664e+07
7.672e+07
7.674e+07
7.673e+07
7.674e+07
7.675e+07
7.679e+07
7.679e+07
7.682e+07
7.681e+07
7.68e+07
7.684e+07
7.686e+07
7.684e+07
7.691e+07
7.689e+07
7.686e+07
7.682e+07
7.69e+07
7.685e+07
7.688e+07
7.696e+07
7.695e+07
7.687e+07
7.691e+07
7.696e+07
7.698e+07
7.689e+07
7.691e+07
7.664e+07
7.691e+07
7.691e+07
7.863e+07
7.703e+07
7.702e+07
7.702e+07
7.694e+07
7.698e+07
7.7e+07
7.695e+07
7.693e+07
7.712e+07
7.706e+07
7.7e+07
7.713e+07
7.702e+07
7.705e+07
7.704e+07
7.699e+07
7.703e+07
7.697e+07
7.695e+07
7.694e+07
7.696e+07
7.7e+07
7.694e+07
7.701e+07
7.697e+07
7.701e+07
7.7e+07
7.702e+07
7.699e+07
7.699e+07
7.699e+07
7.702e+07
7.698e+07
7.7e+07
7.693e+07
7.699e+07
7.711e+07
7.705e+07
7.708e+07
7.67e+07
7.652e+07
7.662e+07
7.673e+07
7.636e+07
7.61e+07
7.588e+07
7.601e+07
7.612e+07
7.625e+07
7.635e+07
7.647e+07
7.659e+07
7.677e+07
7.684e+07
7.702e+07
7.729e+07
7.75e+07
7.753e+07
7.751e+07
7.745e+07
7.737e+07
7.73e+07
7.734e+07
7.726e+07
7.729e+07
7.714e+07
7.691e+07
7.666e+07
7.648e+07
7.648e+07
7.645e+07
7.645e+07
7.643e+07
7.641e+07
7.637e+07
7.639e+07
7.635e+07
7.642e+07
7.639e+07
7.641e+07
7.639e+07
7.64e+07
7.643e+07
7.639e+07
7.642e+07
7.643e+07
7.649e+07
7.649e+07
7.648e+07
7.646e+07
7.645e+07
7.653e+07
7.651e+07
7.654e+07
7.656e+07
7.657e+07
7.662e+07
7.663e+07
7.666e+07
7.667e+07
7.66e+07
7.657e+07
7.652e+07
7.65e+07
7.636e+07
7.625e+07
7.61e+07
7.606e+07
7.614e+07
7.613e+07
7.614e+07
7.619e+07
7.602e+07
7.601e+07
7.581e+07
7.583e+07
7.538e+07
7.535e+07
7.54e+07
7.546e+07
7.534e+07
7.549e+07
7.543e+07
7.538e+07
7.578e+07
7.574e+07
7.573e+07
7.566e+07
7.553e+07
7.546e+07
7.551e+07
7.563e+07
7.553e+07
7.54e+07
7.556e+07
7.569e+07
7.556e+07
7.577e+07
7.59e+07
7.594e+07
7.591e+07
7.601e+07
7.599e+07
7.588e+07
7.597e+07
7.589e+07
7.601e+07
7.598e+07
7.605e+07
7.61e+07
7.605e+07
7.607e+07
7.605e+07
7.617e+07
7.611e+07
7.609e+07
7.605e+07
7.593e+07
7.597e+07
7.592e+07
7.587e+07
7.603e+07
7.611e+07
7.615e+07
7.609e+07
7.606e+07
7.614e+07
7.625e+07
7.625e+07
7.628e+07
7.623e+07
7.625e+07
7.628e+07
7.633e+07
7.623e+07
7.622e+07
7.62e+07
7.62e+07
7.622e+07
7.621e+07
7.632e+07
7.622e+07
7.625e+07
7.627e+07
7.628e+07
7.632e+07
7.631e+07
7.636e+07
7.641e+07
7.639e+07
7.634e+07
7.635e+07
7.628e+07
7.625e+07
7.623e+07
7.621e+07
7.63e+07
7.623e+07
7.632e+07
7.631e+07
7.632e+07
7.641e+07
7.642e+07
7.645e+07
7.643e+07
7.644e+07
7.643e+07
7.646e+07
7.639e+07
7.653e+07
7.648e+07
7.654e+07
7.645e+07
7.651e+07
7.647e+07
7.637e+07
7.631e+07
7.631e+07
7.637e+07
7.633e+07
7.629e+07
7.634e+07
7.621e+07
7.624e+07
7.634e+07
7.633e+07
7.631e+07
7.639e+07
7.644e+07
7.645e+07
7.642e+07
7.642e+07
7.647e+07
7.63e+07
7.641e+07
7.64e+07
7.623e+07
7.616e+07
7.613e+07
7.623e+07
7.631e+07
7.633e+07
7.637e+07
7.635e+07
7.633e+07
7.635e+07
7.641e+07
7.634e+07
7.634e+07
7.642e+07
7.642e+07
7.647e+07
7.652e+07
7.643e+07
7.641e+07
7.64e+07
7.642e+07
7.64e+07
7.639e+07
7.633e+07
7.633e+07
7.639e+07
7.639e+07
7.635e+07
7.641e+07
7.641e+07
7.642e+07
7.644e+07
7.646e+07
7.64e+07
7.635e+07
7.638e+07
7.636e+07
7.63e+07
7.617e+07
7.623e+07
7.633e+07
7.639e+07
7.633e+07
7.635e+07
7.616e+07
7.627e+07
7.628e+07
7.618e+07
7.611e+07
7.606e+07
7.612e+07
7.63e+07
7.635e+07
7.627e+07
7.635e+07
7.636e+07
7.639e+07
7.639e+07
