Channel 1
2.269e+07
2.264e+07
2.274e+07
2.277e+07
2.267e+07
2.265e+07
2.275e+07
2.274e+07
2.263e+07
2.267e+07
2.273e+07
2.27e+07
2.266e+07
2.27e+07
2.275e+07
2.266e+07
2.262e+07
2.269e+07
2.277e+07
2.263e+07
2.264e+07
2.272e+07
2.272e+07
2.267e+07
2.268e+07
2.273e+07
2.267e+07
2.262e+07
2.271e+07
2.272e+07
2.264e+07
2.261e+07
2.271e+07
2.27e+07
2.268e+07
2.26e+07
2.274e+07
2.269e+07
2.262e+07
2.267e+07
2.273e+07
2.266e+07
2.261e+07
2.268e+07
2.274e+07
2.265e+07
2.316e+07
2.316e+07
2.32e+07
2.318e+07
2.319e+07
2.306e+07
2.279e+07
2.254e+07
2.234e+07
2.246e+07
2.26e+07
2.275e+07
2.293e+07
2.303e+07
2.293e+07
2.264e+07
2.247e+07
2.238e+07
2.253e+07
2.276e+07
2.29e+07
2.297e+07
2.293e+07
2.279e+07
2.254e+07
2.233e+07
2.242e+07
2.275e+07
2.287e+07
2.298e+07
2.299e+07
2.287e+07
2.254e+07
2.235e+07
2.257e+07
2.278e+07
2.285e+07
2.295e+07
2.303e+07
2.294e+07
2.254e+07
2.24e+07
2.251e+07
2.272e+07
2.277e+07
2.299e+07
2.307e+07
2.293e+07
2.267e+07
2.248e+07
2.254e+07
2.268e+07
2.283e+07
2.306e+07
2.31e+07
2.298e+07
2.271e+07
2.251e+07
2.245e+07
2.272e+07
2.287e+07
2.304e+07
2.305e+07
2.287e+07
2.284e+07
2.258e+07
2.248e+07
2.267e+07
2.282e+07
2.301e+07
2.304e+07
2.304e+07
2.281e+07
2.251e+07
2.242e+07
2.272e+07
2.29e+07
2.296e+07
2.303e+07
2.309e+07
2.29e+07
2.252e+07
2.246e+07
2.267e+07
2.281e+07
2.294e+07
2.306e+07
2.31e+07
2.28e+07
2.256e+07
2.245e+07
2.267e+07
2.275e+07
2.287e+07
2.309e+07
2.309e+07
2.284e+07
2.259e+07
2.243e+07
2.262e+07
2.269e+07
2.293e+07
2.306e+07
2.303e+07
2.281e+07
2.268e+07
2.245e+07
2.25e+07
2.273e+07
2.29e+07
2.308e+07
2.305e+07
2.294e+07
2.266e+07
2.241e+07
2.249e+07
2.281e+07
2.295e+07
2.303e+07
2.305e+07
2.295e+07
2.277e+07
2.246e+07
2.248e+07
2.283e+07
2.285e+07
2.305e+07
2.312e+07
2.304e+07
2.268e+07
2.249e+07
2.252e+07
2.28e+07
2.284e+07
2.298e+07
2.318e+07
2.312e+07
2.276e+07
2.254e+07
2.25e+07
2.274e+07
2.283e+07
2.307e+07
2.312e+07
2.305e+07
2.274e+07
2.261e+07
2.252e+07
2.263e+07
2.283e+07
2.301e+07
2.315e+07
2.304e+07
2.285e+07
2.275e+07
2.249e+07
2.265e+07
2.287e+07
2.305e+07
2.309e+07
2.312e+07
2.287e+07
2.268e+07
2.244e+07
2.263e+07
2.29e+07
2.294e+07
2.315e+07
2.317e+07
2.293e+07
2.265e+07
2.253e+07
2.265e+07
2.296e+07
2.291e+07
2.305e+07
2.32e+07
2.291e+07
2.269e+07
2.252e+07
2.259e+07
2.284e+07
2.292e+07
2.317e+07
2.318e+07
2.294e+07
2.27e+07
2.261e+07
2.259e+07
2.283e+07
2.291e+07
2.317e+07
2.319e+07
2.299e+07
2.281e+07
2.265e+07
2.248e+07
2.28e+07
2.295e+07
2.315e+07
2.314e+07
2.309e+07
2.286e+07
2.267e+07
2.254e+07
2.28e+07
2.301e+07
2.304e+07
2.321e+07
2.316e+07
2.294e+07
2.261e+07
2.256e+07
2.284e+07
2.3e+07
2.302e+07
2.317e+07
2.323e+07
2.289e+07
2.271e+07
2.257e+07
2.277e+07
2.294e+07
2.305e+07
2.329e+07
2.327e+07
2.289e+07
2.267e+07
2.269e+07
2.277e+07
2.291e+07
2.304e+07
2.323e+07
2.325e+07
2.288e+07
2.279e+07
2.262e+07
2.262e+07
2.292e+07
2.309e+07
2.327e+07
2.322e+07
2.296e+07
2.278e+07
2.265e+07
2.261e+07
2.29e+07
2.309e+07
2.314e+07
2.326e+07
2.305e+07
2.288e+07
2.26e+07
2.261e+07
2.299e+07
2.307e+07
2.316e+07
2.326e+07
2.316e+07
2.286e+07
2.265e+07
2.264e+07
2.297e+07
2.305e+07
2.332e+07
2.318e+07
2.285e+07
2.271e+07
2.266e+07
2.299e+07
2.299e+07
2.316e+07
2.331e+07
2.323e+07
2.289e+07
2.28e+07
2.271e+07
2.285e+07
2.302e+07
2.318e+07
2.334e+07
2.321e+07
2.29e+07
2.281e+07
2.267e+07
2.284e+07
2.302e+07
2.322e+07
2.325e+07
2.328e+07
2.298e+07
2.284e+07
2.263e+07
2.278e+07
2.307e+07
2.312e+07
2.324e+07
2.326e+07
2.305e+07
2.279e+07
2.257e+07
2.278e+07
2.3e+07
2.312e+07
2.321e+07
2.332e+07
2.306e+07
2.28e+07
2.267e+07
2.276e+07
2.305e+07
2.306e+07
2.324e+07
2.336e+07
2.309e+07
2.286e+07
2.272e+07
2.278e+07
2.3e+07
2.309e+07
2.326e+07
2.335e+07
2.311e+07
2.288e+07
2.279e+07
2.269e+07
2.294e+07
2.309e+07
2.331e+07
2.33e+07
2.32e+07
2.3e+07
2.282e+07
2.272e+07
2.293e+07
2.314e+07
2.324e+07
2.324e+07
2.326e+07
2.305e+07
2.282e+07
2.261e+07
2.297e+07
2.313e+07
2.319e+07
2.332e+07
2.332e+07
2.303e+07
2.276e+07
2.271e+07
2.293e+07
2.308e+07
2.316e+07
2.334e+07
2.339e+07
2.305e+07
2.284e+07
2.27e+07
2.293e+07
2.305e+07
2.318e+07
2.338e+07
2.34e+07
2.304e+07
2.285e+07
2.28e+07
2.283e+07
2.305e+07
2.317e+07
2.335e+07
2.333e+07
2.304e+07
2.291e+07
2.283e+07
2.282e+07
2.303e+07
2.316e+07
2.326e+07
2.332e+07
2.312e+07
2.296e+07
2.275e+07
2.269e+07
2.305e+07
2.315e+07
2.327e+07
2.335e+07
2.318e+07
2.298e+07
2.278e+07
2.274e+07
2.31e+07
2.318e+07
2.321e+07
2.336e+07
2.331e+07
2.293e+07
2.283e+07
2.275e+07
2.303e+07
2.309e+07
2.325e+07
2.342e+07
2.326e+07
2.297e+07
2.286e+07
2.281e+07
2.292e+07
2.307e+07
2.329e+07
2.348e+07
2.332e+07
2.297e+07
2.288e+07
2.271e+07
2.297e+07
2.311e+07
2.327e+07
2.334e+07
2.329e+07
2.309e+07
2.294e+07
2.274e+07
2.289e+07
2.313e+07
2.324e+07
2.33e+07
2.335e+07
2.316e+07
2.291e+07
2.271e+07
2.297e+07
2.318e+07
2.316e+07
2.334e+07
2.34e+07
2.315e+07
2.289e+07
2.28e+07
2.286e+07
2.312e+07
2.317e+07
2.333e+07
2.342e+07
2.309e+07
2.295e+07
2.28e+07
2.299e+07
2.305e+07
2.312e+07
2.334e+07
2.339e+07
2.311e+07
2.295e+07
2.282e+07
2.272e+07
2.305e+07
2.316e+07
2.33e+07
2.334e+07
2.311e+07
2.297e+07
2.289e+07
2.277e+07
2.297e+07
2.321e+07
2.329e+07
2.335e+07
2.323e+07
2.293e+07
2.28e+07
2.27e+07
2.302e+07
2.315e+07
2.316e+07
2.332e+07
2.324e+07
2.303e+07
2.281e+07
2.27e+07
2.3e+07
2.313e+07
2.32e+07
2.331e+07
2.338e+07
2.293e+07
2.287e+07
2.277e+07
2.302e+07
2.308e+07
2.314e+07
2.336e+07
2.331e+07
2.303e+07
2.289e+07
2.279e+07
2.288e+07
2.308e+07
2.322e+07
2.336e+07
2.33e+07
2.303e+07
2.309e+07
2.287e+07
2.287e+07
2.31e+07
2.317e+07
2.332e+07
2.335e+07
2.319e+07
2.301e+07
2.285e+07
2.284e+07
2.317e+07
2.322e+07
2.325e+07
2.336e+07
2.321e+07
2.304e+07
2.285e+07
2.282e+07
2.311e+07
2.311e+07
2.326e+07
2.34e+07
2.331e+07
2.296e+07
2.289e+07
2.283e+07
2.31e+07
2.31e+07
2.321e+07
2.343e+07
2.326e+07
2.3e+07
2.291e+07
2.281e+07
2.3e+07
2.305e+07
2.327e+07
2.342e+07
2.327e+07
2.301e+07
2.301e+07
2.288e+07
2.301e+07
2.315e+07
2.325e+07
2.339e+07
2.331e+07
2.311e+07
2.299e+07
2.279e+07
2.293e+07
2.315e+07
2.323e+07
2.33e+07
2.327e+07
2.315e+07
2.302e+07
2.284e+07
2.294e+07
2.318e+07
2.314e+07
2.334e+07
2.339e+07
2.319e+07
2.296e+07
2.287e+07
2.296e+07
2.318e+07
2.317e+07
2.334e+07
2.349e+07
2.319e+07
2.299e+07
2.295e+07
2.297e+07
2.312e+07
2.319e+07
2.337e+07
2.346e+07
2.319e+07
2.303e+07
2.301e+07
2.288e+07
2.308e+07
2.324e+07
2.333e+07
2.343e+07
2.325e+07
2.311e+07
2.3e+07
2.282e+07
2.307e+07
2.323e+07
2.328e+07
2.336e+07
2.333e+07
2.316e+07
2.302e+07
2.284e+07
2.306e+07
2.324e+07
2.322e+07
2.342e+07
2.336e+07
2.315e+07
2.302e+07
2.287e+07
2.305e+07
2.319e+07
2.314e+07
2.338e+07
2.344e+07
2.311e+07
2.304e+07
2.292e+07
2.298e+07
2.314e+07
2.317e+07
2.34e+07
2.337e+07
2.307e+07
2.303e+07
2.296e+07
2.294e+07
2.309e+07
2.323e+07
2.334e+07
2.337e+07
2.313e+07
2.309e+07
2.294e+07
2.286e+07
2.321e+07
2.327e+07
2.331e+07
2.338e+07
2.323e+07
2.312e+07
2.296e+07
2.288e+07
2.312e+07
2.32e+07
2.33e+07
2.344e+07
2.328e+07
2.314e+07
2.296e+07
2.296e+07
2.328e+07
2.323e+07
2.332e+07
2.35e+07
2.34e+07
2.32e+07
2.308e+07
2.293e+07
2.275e+07
2.275e+07
2.281e+07
2.287e+07
2.281e+07
2.279e+07
2.288e+07
2.295e+07
2.278e+07
2.282e+07
2.289e+07
2.287e+07
2.283e+07
2.285e+07
2.292e+07
2.286e+07
2.284e+07
2.289e+07
2.291e+07
2.286e+07
2.288e+07
2.29e+07
2.293e+07
2.282e+07
2.285e+07
2.289e+07
2.292e+07
2.285e+07
2.289e+07
2.293e+07
2.286e+07
2.281e+07
2.291e+07
2.293e+07
2.284e+07
2.287e+07
2.293e+07
2.291e+07
2.285e+07
2.293e+07
2.291e+07
2.288e+07
2.285e+07
2.292e+07
2.301e+07
2.287e+07
2.288e+07
2.296e+07
2.294e+07
2.29e+07
2.29e+07
2.299e+07
2.292e+07
2.29e+07
2.295e+07
2.299e+07
2.292e+07
2.289e+07
2.298e+07
2.3e+07
2.293e+07
2.294e+07
2.304e+07
2.301e+07
2.294e+07
2.298e+07
2.3e+07
2.295e+07
2.291e+07
2.298e+07
2.301e+07
2.295e+07
2.294e+07
2.3e+07
2.299e+07
2.294e+07
2.296e+07
2.3e+07
2.296e+07
2.295e+07
2.297e+07
2.308e+07
2.296e+07
2.295e+07
2.302e+07
2.301e+07
2.296e+07
2.297e+07
2.301e+07
2.297e+07
2.295e+07
2.298e+07
2.303e+07
2.297e+07
2.293e+07
2.3e+07
2.301e+07
2.293e+07
2.294e+07
2.303e+07
2.299e+07
2.295e+07
2.299e+07
2.3e+07
2.298e+07
2.296e+07
2.301e+07
2.303e+07
2.297e+07
2.296e+07
2.301e+07
2.302e+07
2.298e+07
2.299e+07
2.306e+07
2.3e+07
2.298e+07
2.299e+07
2.311e+07
2.298e+07
2.298e+07
2.267e+07
2.305e+07
2.299e+07
2.302e+07
2.304e+07
2.303e+07
2.299e+07
2.305e+07
2.306e+07
2.301e+07
2.299e+07
2.306e+07
2.306e+07
2.3e+07
2.297e+07
2.308e+07
2.303e+07
2.299e+07
2.303e+07
2.307e+07
2.302e+07
2.3e+07
2.304e+07
2.307e+07
2.301e+07
2.298e+07
2.303e+07
2.303e+07
2.291e+07
2.29e+07
2.304e+07
2.302e+07
2.299e+07
2.299e+07
2.308e+07
2.299e+07
2.298e+07
2.307e+07
2.305e+07
2.297e+07
2.301e+07
2.307e+07
2.308e+07
2.303e+07
2.307e+07
2.308e+07
2.302e+07
2.3e+07
2.307e+07
2.309e+07
2.301e+07
2.296e+07
2.31e+07
2.307e+07
2.3e+07
2.304e+07
2.309e+07
2.306e+07
2.301e+07
2.307e+07
2.309e+07
2.301e+07
2.303e+07
2.311e+07
2.312e+07
2.305e+07
2.308e+07
2.312e+07
2.309e+07
2.305e+07
2.304e+07
2.313e+07
2.304e+07
2.305e+07
2.312e+07
2.315e+07
2.308e+07
2.305e+07
2.312e+07
2.316e+07
2.305e+07
2.308e+07
2.311e+07
2.309e+07
2.308e+07
2.311e+07
2.312e+07
2.304e+07
2.299e+07
2.311e+07
2.312e+07
2.306e+07
2.306e+07
2.311e+07
2.308e+07
2.304e+07
2.305e+07
2.31e+07
2.305e+07
2.305e+07
2.31e+07
2.312e+07
2.306e+07
2.305e+07
2.311e+07
2.31e+07
2.305e+07
2.307e+07
2.312e+07
2.308e+07
2.307e+07
2.308e+07
2.311e+07
2.306e+07
2.306e+07
2.312e+07
2.312e+07
2.305e+07
2.306e+07
2.309e+07
2.312e+07
2.306e+07
2.31e+07
2.311e+07
2.308e+07
2.297e+07
2.31e+07
2.31e+07
2.303e+07
2.306e+07
2.309e+07
2.31e+07
2.307e+07
2.309e+07
2.311e+07
2.308e+07
2.305e+07
2.31e+07
2.31e+07
2.306e+07
2.305e+07
2.309e+07
2.308e+07
2.302e+07
2.305e+07
2.308e+07
2.307e+07
2.304e+07
2.308e+07
2.31e+07
2.307e+07
2.304e+07
2.311e+07
2.309e+07
2.306e+07
2.307e+07
2.311e+07
2.308e+07
2.303e+07
2.311e+07
2.309e+07
2.309e+07
2.295e+07
2.307e+07
2.311e+07
2.306e+07
2.304e+07
2.31e+07
2.309e+07
2.305e+07
2.308e+07
2.309e+07
2.306e+07
2.304e+07
