Channel 1
7.797e+07
7.8e+07
7.8e+07
7.799e+07
7.802e+07
7.799e+07
7.797e+07
7.797e+07
7.8e+07
7.8e+07
7.802e+07
7.808e+07
7.81e+07
7.81e+07
7.805e+07
7.807e+07
7.801e+07
7.806e+07
7.797e+07
7.794e+07
7.8e+07
7.798e+07
7.796e+07
7.803e+07
7.793e+07
7.795e+07
7.795e+07
7.795e+07
7.797e+07
7.791e+07
7.791e+07
7.789e+07
7.796e+07
7.796e+07
7.808e+07
7.807e+07
7.803e+07
7.801e+07
7.803e+07
7.803e+07
7.797e+07
7.793e+07
7.795e+07
7.795e+07
7.797e+07
7.791e+07
7.789e+07
7.79e+07
7.792e+07
7.776e+07
7.784e+07
7.792e+07
7.796e+07
7.79e+07
7.766e+07
7.764e+07
7.761e+07
7.783e+07
7.783e+07
7.782e+07
7.786e+07
7.786e+07
7.783e+07
7.786e+07
7.79e+07
7.79e+07
7.787e+07
7.786e+07
7.785e+07
7.785e+07
7.787e+07
7.784e+07
7.784e+07
7.755e+07
7.713e+07
7.706e+07
7.737e+07
7.757e+07
7.761e+07
7.768e+07
7.77e+07
7.768e+07
7.768e+07
7.759e+07
7.761e+07
7.773e+07
7.758e+07
7.765e+07
7.778e+07
7.782e+07
7.768e+07
7.771e+07
7.77e+07
7.788e+07
7.784e+07
7.78e+07
7.777e+07
7.789e+07
7.785e+07
7.785e+07
7.785e+07
7.782e+07
7.783e+07
7.784e+07
7.783e+07
7.762e+07
7.773e+07
7.788e+07
7.784e+07
7.777e+07
7.776e+07
7.765e+07
7.755e+07
7.759e+07
7.77e+07
7.767e+07
7.771e+07
7.772e+07
7.775e+07
7.778e+07
7.778e+07
7.78e+07
7.786e+07
7.785e+07
7.784e+07
7.779e+07
7.779e+07
7.78e+07
7.783e+07
7.786e+07
7.785e+07
7.879e+07
7.865e+07
7.834e+07
7.771e+07
7.671e+07
7.778e+07
7.827e+07
7.838e+07
7.834e+07
7.828e+07
7.815e+07
7.772e+07
7.708e+07
7.741e+07
7.803e+07
7.838e+07
7.839e+07
7.839e+07
7.815e+07
7.803e+07
7.742e+07
7.688e+07
7.786e+07
7.825e+07
7.837e+07
7.822e+07
7.832e+07
7.822e+07
7.787e+07
7.703e+07
7.743e+07
7.816e+07
7.836e+07
7.835e+07
7.834e+07
7.824e+07
7.807e+07
7.749e+07
7.7e+07
7.679e+07
7.69e+07
7.697e+07
7.706e+07
7.708e+07
7.707e+07
7.713e+07
7.714e+07
7.716e+07
7.718e+07
7.721e+07
7.714e+07
7.721e+07
7.714e+07
7.721e+07
7.722e+07
7.768e+07
7.796e+07
7.759e+07
7.729e+07
7.796e+07
7.824e+07
7.841e+07
7.859e+07
7.838e+07
7.815e+07
7.765e+07
7.657e+07
7.717e+07
7.779e+07
7.813e+07
7.83e+07
7.762e+07
7.774e+07
7.779e+07
7.779e+07
7.789e+07
7.792e+07
7.791e+07
7.79e+07
7.788e+07
7.793e+07
7.787e+07
7.796e+07
7.794e+07
7.796e+07
7.802e+07
7.803e+07
7.803e+07
7.806e+07
7.806e+07
7.805e+07
7.795e+07
7.795e+07
7.798e+07
7.799e+07
7.802e+07
7.809e+07
7.799e+07
7.795e+07
7.779e+07
7.757e+07
7.766e+07
7.774e+07
7.758e+07
7.742e+07
7.744e+07
7.737e+07
7.76e+07
7.763e+07
7.768e+07
7.765e+07
7.771e+07
7.77e+07
7.761e+07
7.766e+07
7.762e+07
7.771e+07
7.763e+07
7.761e+07
7.765e+07
7.763e+07
7.771e+07
7.771e+07
7.775e+07
7.785e+07
7.782e+07
7.778e+07
7.78e+07
7.78e+07
7.782e+07
7.775e+07
7.769e+07
7.78e+07
7.78e+07
7.788e+07
7.797e+07
7.807e+07
7.808e+07
7.809e+07
7.806e+07
7.806e+07
7.807e+07
7.802e+07
7.802e+07
7.807e+07
7.808e+07
7.806e+07
7.813e+07
7.815e+07
7.811e+07
7.816e+07
7.813e+07
7.808e+07
7.807e+07
7.813e+07
7.818e+07
7.813e+07
7.814e+07
7.809e+07
7.804e+07
7.81e+07
7.81e+07
7.813e+07
7.821e+07
7.923e+07
7.906e+07
7.88e+07
7.819e+07
7.764e+07
7.712e+07
7.758e+07
7.811e+07
7.841e+07
7.871e+07
7.875e+07
7.846e+07
7.812e+07
7.755e+07
7.723e+07
7.799e+07
7.829e+07
7.858e+07
7.869e+07
7.85e+07
7.784e+07
7.72e+07
7.684e+07
7.753e+07
7.795e+07
7.835e+07
7.86e+07
7.86e+07
7.824e+07
7.78e+07
7.719e+07
7.722e+07
7.804e+07
7.832e+07
7.862e+07
7.882e+07
7.865e+07
7.822e+07
7.759e+07
7.733e+07
7.788e+07
7.821e+07
7.847e+07
7.861e+07
7.874e+07
7.826e+07
7.773e+07
7.715e+07
7.717e+07
7.781e+07
7.822e+07
7.84e+07
7.846e+07
7.842e+07
7.808e+07
7.743e+07
7.717e+07
7.771e+07
7.813e+07
7.847e+07
7.863e+07
7.863e+07
7.83e+07
7.788e+07
7.729e+07
7.736e+07
7.811e+07
7.841e+07
7.861e+07
7.873e+07
7.854e+07
7.818e+07
7.756e+07
7.723e+07
7.796e+07
7.843e+07
7.857e+07
7.87e+07
7.883e+07
7.836e+07
7.792e+07
7.751e+07
7.754e+07
7.819e+07
7.856e+07
7.878e+07
7.883e+07
7.875e+07
7.829e+07
7.765e+07
7.753e+07
7.813e+07
7.843e+07
7.877e+07
7.878e+07
7.876e+07
7.837e+07
7.78e+07
7.729e+07
7.757e+07
7.813e+07
7.843e+07
7.861e+07
7.873e+07
7.849e+07
7.814e+07
7.744e+07
7.725e+07
7.797e+07
7.84e+07
7.867e+07
7.868e+07
7.838e+07
7.754e+07
7.746e+07
7.832e+07
7.854e+07
7.801e+07
7.724e+07
7.822e+07
7.851e+07
7.814e+07
7.737e+07
7.828e+07
7.855e+07
7.793e+07
7.746e+07
7.836e+07
7.857e+07
7.789e+07
7.755e+07
7.844e+07
7.855e+07
7.774e+07
7.772e+07
7.846e+07
7.849e+07
7.761e+07
7.79e+07
7.854e+07
7.872e+07
7.826e+07
7.753e+07
7.806e+07
7.855e+07
7.881e+07
7.845e+07
7.768e+07
7.752e+07
7.832e+07
7.872e+07
7.875e+07
7.876e+07
7.84e+07
7.8e+07
7.753e+07
7.764e+07
7.827e+07
7.867e+07
7.877e+07
7.885e+07
7.869e+07
7.829e+07
7.757e+07
7.74e+07
7.814e+07
7.845e+07
7.87e+07
7.883e+07
7.881e+07
7.846e+07
7.795e+07
7.744e+07
7.771e+07
7.838e+07
7.867e+07
7.879e+07
7.888e+07
7.858e+07
7.816e+07
7.753e+07
7.742e+07
7.808e+07
7.846e+07
7.87e+07
7.884e+07
7.887e+07
7.848e+07
7.798e+07
7.755e+07
7.772e+07
7.835e+07
7.87e+07
7.883e+07
7.885e+07
7.872e+07
7.832e+07
7.767e+07
7.748e+07
7.822e+07
7.85e+07
7.874e+07
7.884e+07
7.882e+07
7.852e+07
7.823e+07
7.773e+07
7.777e+07
7.835e+07
7.868e+07
7.883e+07
7.903e+07
7.885e+07
7.852e+07
7.801e+07
7.776e+07
7.764e+07
7.811e+07
7.847e+07
7.858e+07
7.874e+07
7.891e+07
7.903e+07
7.911e+07
7.926e+07
7.922e+07
7.926e+07
7.928e+07
7.915e+07
7.901e+07
7.875e+07
7.827e+07
7.819e+07
7.804e+07
7.774e+07
7.759e+07
7.746e+07
7.732e+07
7.771e+07
7.832e+07
7.836e+07
7.856e+07
7.871e+07
7.88e+07
7.883e+07
7.895e+07
7.896e+07
7.905e+07
7.904e+07
7.899e+07
7.896e+07
7.888e+07
7.872e+07
7.863e+07
7.85e+07
7.828e+07
7.807e+07
7.797e+07
7.791e+07
7.832e+07
7.863e+07
7.866e+07
7.873e+07
7.887e+07
7.907e+07
7.912e+07
7.919e+07
7.928e+07
7.926e+07
7.917e+07
7.916e+07
7.908e+07
7.9e+07
7.886e+07
7.873e+07
7.853e+07
7.832e+07
7.81e+07
7.795e+07
7.778e+07
7.747e+07
7.83e+07
7.861e+07
7.864e+07
7.877e+07
7.901e+07
7.897e+07
7.894e+07
7.894e+07
7.882e+07
7.851e+07
7.751e+07
7.697e+07
7.764e+07
7.802e+07
7.836e+07
7.867e+07
7.876e+07
7.857e+07
7.812e+07
7.755e+07
7.732e+07
7.813e+07
7.85e+07
7.872e+07
7.882e+07
7.863e+07
7.825e+07
7.697e+07
7.67e+07
7.756e+07
7.792e+07
7.828e+07
7.852e+07
7.86e+07
7.835e+07
7.778e+07
7.704e+07
7.738e+07
7.804e+07
7.833e+07
7.852e+07
7.863e+07
7.855e+07
7.814e+07
7.753e+07
7.727e+07
7.783e+07
7.822e+07
7.844e+07
7.852e+07
7.865e+07
7.836e+07
7.786e+07
7.75e+07
7.769e+07
7.812e+07
7.844e+07
7.867e+07
7.878e+07
7.884e+07
7.844e+07
7.817e+07
7.782e+07
7.833e+07
7.86e+07
7.89e+07
7.91e+07
7.896e+07
7.872e+07
7.826e+07
7.714e+07
7.774e+07
7.811e+07
7.84e+07
7.867e+07
7.875e+07
7.853e+07
7.828e+07
7.707e+07
7.694e+07
7.761e+07
7.793e+07
7.835e+07
7.854e+07
7.856e+07
7.839e+07
7.787e+07
7.75e+07
7.788e+07
7.833e+07
7.867e+07
7.869e+07
7.837e+07
7.762e+07
7.75e+07
7.812e+07
7.846e+07
7.834e+07
7.736e+07
7.732e+07
7.802e+07
7.843e+07
7.861e+07
7.835e+07
7.712e+07
7.702e+07
7.773e+07
7.822e+07
7.845e+07
7.823e+07
7.718e+07
7.693e+07
7.772e+07
7.814e+07
7.847e+07
7.832e+07
7.721e+07
7.688e+07
7.77e+07
7.822e+07
7.84e+07
7.828e+07
7.725e+07
7.679e+07
7.762e+07
7.809e+07
7.839e+07
7.83e+07
7.734e+07
7.676e+07
7.754e+07
7.808e+07
7.844e+07
7.84e+07
7.741e+07
7.674e+07
7.764e+07
7.801e+07
7.835e+07
7.833e+07
7.746e+07
7.689e+07
7.769e+07
7.8e+07
7.835e+07
7.839e+07
7.761e+07
7.669e+07
7.754e+07
7.797e+07
7.83e+07
7.842e+07
7.76e+07
7.67e+07
7.755e+07
7.795e+07
7.824e+07
7.838e+07
7.762e+07
7.66e+07
7.739e+07
7.787e+07
7.818e+07
7.842e+07
7.78e+07
7.661e+07
7.736e+07
7.783e+07
7.815e+07
7.829e+07
7.779e+07
7.672e+07
7.74e+07
7.785e+07
7.822e+07
7.834e+07
7.783e+07
7.66e+07
7.734e+07
7.785e+07
7.825e+07
7.848e+07
7.789e+07
7.666e+07
7.723e+07
7.777e+07
7.814e+07
7.829e+07
7.807e+07
7.777e+07
7.767e+07
7.819e+07
7.848e+07
7.859e+07
7.835e+07
7.752e+07
7.768e+07
7.813e+07
7.757e+07
7.768e+07
7.77e+07
7.774e+07
7.78e+07
7.785e+07
7.785e+07
7.783e+07
7.79e+07
7.796e+07
7.79e+07
7.789e+07
7.786e+07
7.778e+07
7.783e+07
7.783e+07
7.779e+07
7.785e+07
7.786e+07
7.779e+07
7.781e+07
7.783e+07
7.791e+07
7.79e+07
7.792e+07
7.797e+07
7.792e+07
7.795e+07
7.796e+07
7.795e+07
7.805e+07
7.805e+07
7.803e+07
7.804e+07
7.799e+07
7.803e+07
7.806e+07
7.801e+07
7.808e+07
7.815e+07
7.814e+07
7.805e+07
7.799e+07
7.8e+07
7.795e+07
7.801e+07
7.802e+07
7.796e+07
7.794e+07
7.798e+07
7.799e+07
7.798e+07
7.803e+07
7.805e+07
7.801e+07
7.805e+07
7.806e+07
7.81e+07
7.81e+07
7.813e+07
7.809e+07
7.811e+07
7.811e+07
7.818e+07
7.867e+07
7.873e+07
7.872e+07
7.873e+07
7.872e+07
7.869e+07
7.87e+07
7.865e+07
7.871e+07
7.865e+07
7.868e+07
7.871e+07
7.867e+07
7.864e+07
7.869e+07
7.87e+07
7.868e+07
7.871e+07
7.866e+07
7.868e+07
7.867e+07
7.89e+07
7.974e+07
7.968e+07
7.87e+07
7.874e+07
7.982e+07
7.956e+07
7.922e+07
7.802e+07
7.814e+07
7.873e+07
7.919e+07
7.931e+07
7.892e+07
7.789e+07
7.79e+07
7.853e+07
7.897e+07
7.916e+07
7.883e+07
7.783e+07
7.774e+07
7.843e+07
7.808e+07
7.919e+07
7.903e+07
7.879e+07
7.846e+07
7.787e+07
7.888e+07
7.913e+07
7.898e+07
7.892e+07
7.845e+07
7.787e+07
7.873e+07
7.918e+07
7.902e+07
7.902e+07
7.855e+07
7.778e+07
7.884e+07
7.918e+07
7.911e+07
7.919e+07
7.874e+07
7.797e+07
7.871e+07
7.908e+07
7.924e+07
7.901e+07
7.857e+07
7.794e+07
7.889e+07
7.922e+07
7.921e+07
7.934e+07
7.884e+07
7.791e+07
7.863e+07
7.914e+07
7.92e+07
7.919e+07
7.889e+07
7.79e+07
7.844e+07
7.9e+07
7.897e+07
7.905e+07
7.877e+07
7.785e+07
7.829e+07
7.893e+07
7.891e+07
7.882e+07
7.869e+07
7.783e+07
7.834e+07
7.903e+07
7.893e+07
7.885e+07
7.865e+07
7.787e+07
7.83e+07
7.894e+07
7.895e+07
7.884e+07
7.882e+07
7.813e+07
7.817e+07
7.912e+07
7.912e+07
7.913e+07
7.897e+07
7.827e+07
7.828e+07
7.918e+07
7.925e+07
7.917e+07
7.906e+07
7.822e+07
7.815e+07
7.913e+07
7.914e+07
7.91e+07
7.901e+07
7.827e+07
7.818e+07
7.911e+07
7.919e+07
7.924e+07
7.909e+07
7.817e+07
7.785e+07
7.862e+07
7.902e+07
7.827e+07
7.833e+07
7.853e+07
7.853e+07
7.858e+07
7.859e+07
7.868e+07
7.866e+07
7.863e+07
7.864e+07
7.864e+07
7.864e+07
7.867e+07
7.863e+07
7.868e+07
7.865e+07
7.867e+07
7.86e+07
7.858e+07
7.867e+07
7.868e+07
7.863e+07
7.875e+07
7.868e+07
7.87e+07
